-2.509516e-04  3.366536e-16 0.000000e+00  0.000000e+00 0.000000e+00  1.000000e+00   0
2.509516e-04  3.366536e-16 0.000000e+00  0.000000e+00 0.000000e+00  1.000000e+00   0
-4.158607e-02  -1.127092e-13 0.000000e+00  0.000000e+00 0.000000e+00  1.000000e+00   0
4.158607e-02  -1.127092e-13 0.000000e+00  0.000000e+00 0.000000e+00  1.000000e+00   0
0.000000e+00  -4.396862e-02 0.000000e+00  0.000000e+00 0.000000e+00  1.000000e+00   0
0.000000e+00  4.396862e-02 0.000000e+00  0.000000e+00 0.000000e+00  1.000000e+00   0
-8.268188e-02  5.530188e-14 0.000000e+00  0.000000e+00 0.000000e+00  1.000000e+00   0
8.268188e-02  5.530188e-14 0.000000e+00  0.000000e+00 0.000000e+00  1.000000e+00   0
-1.227943e-01  -7.371765e-15 0.000000e+00  0.000000e+00 0.000000e+00  1.000000e+00   0
1.227943e-01  -7.371765e-15 0.000000e+00  0.000000e+00 0.000000e+00  1.000000e+00   0
