1.0319 222.838
1.1702 247.7827
1.3564 267.7384
1.5532 287.694
1.7447 305.9867
1.9255 319.2905
2.0851 329.2683
2.2872 342.5721
2.4468 349.2239
2.6277 355.8758
2.8191 362.5276
3.0426 369.1796
3.2872 379.1574
3.5 387.4723
3.7766 392.4612
4.0532 399.1131
4.383 405.765
4.6915 412.4169
4.9787 419.0687
5.2447 422.3947
5.4894 425.7206
5.766 429.0466
6.0638 432.3725
6.3936 439.0244
6.7128 442.3503
7.0106 449.0022
7.2553 449.0022
7.5213 452.3282
7.8191 455.6541
8.117 462.306
8.4362 462.306
8.734 468.9579
9.0638 468.9579
9.3723 472.2838
9.617 475.6098
9.8298 475.6098
9.9787 478.9357