  368.380000     3.306660     0.000000     1.780570 
  368.405000     3.306588     0.000954     1.780548 
  368.480000     3.306372     0.001908     1.780480 
  368.605000     3.306011     0.002861     1.780368 
  368.780000     3.305508     0.003814     1.780210 
  369.005000     3.304860     0.004766     1.780008 
  369.280000     3.304071     0.005717     1.779760 
  369.605000     3.303139     0.006667     1.779468 
  369.980000     3.302065     0.007616     1.779131 
  370.405000     3.300852     0.008563     1.778748 
  370.880000     3.299498     0.009508     1.778321 
  371.405000     3.298007     0.010451     1.777849 
  371.980000     3.296378     0.011393     1.777332 
  372.605000     3.294613     0.012332     1.776769 
  373.280000     3.292713     0.013268     1.776162 
  374.005000     3.290681     0.014202     1.775510 
  374.780000     3.288517     0.015133     1.774813 
  375.605000     3.286223     0.016062     1.774071 
  376.480000     3.283801     0.016987     1.773284 
  377.405000     3.281253     0.017908     1.772452 
  378.380000     3.278581     0.018827     1.771575 
  379.405000     3.275786     0.019741     1.770653 
  380.480000     3.272872     0.020652     1.769686 
  381.605000     3.269839     0.021559     1.768674 
  382.780000     3.266691     0.022462     1.767617 
  384.005000     3.263429     0.023360     1.766515 
  385.280000     3.260056     0.024254     1.765368 
  386.605000     3.256574     0.025144     1.764176 
  387.980000     3.252987     0.026029     1.762939 
  389.405000     3.249295     0.026909     1.761657 
  390.880000     3.245502     0.027785     1.760330 
  392.405000     3.241611     0.028655     1.758959 
  393.980000     3.237623     0.029520     1.757542 
  395.605000     3.233543     0.030380     1.756080 
  397.280000     3.229372     0.031235     1.754573 
  399.005000     3.225112     0.032084     1.753022 
  400.780000     3.220768     0.032927     1.751425 
  402.605000     3.216341     0.033765     1.749783 
  404.480000     3.211835     0.034597     1.748097 
  406.405000     3.207252     0.035423     1.746365 
  408.380000     3.202594     0.036244     1.744588 
  410.405000     3.197865     0.037058     1.742767 
  412.480000     3.193068     0.037866     1.740900 
  414.605000     3.188204     0.038668     1.738989 
  416.780000     3.183278     0.039464     1.737032 
  419.005000     3.178291     0.040254     1.735031 
  421.280000     3.173247     0.041037     1.732984 
  423.605000     3.168148     0.041814     1.730893 
  425.980000     3.162997     0.042585     1.728757 
  428.405000     3.157796     0.043349     1.726575 
  430.880000     3.152548     0.044106     1.724349 
  433.405000     3.147256     0.044857     1.722077 
  435.980000     3.141922     0.045601     1.719761 
  438.605000     3.136549     0.046339     1.717400 
  441.280000     3.131140     0.047070     1.714994 
  444.005000     3.125697     0.047794     1.712542 
  446.780000     3.120222     0.048512     1.710046 
  449.605000     3.114717     0.049223     1.707505 
  452.480000     3.109186     0.049927     1.704919 
  455.405000     3.103630     0.050624     1.702288 
  458.380000     3.098053     0.051315     1.699611 
  461.405000     3.092455     0.051999     1.696890 
  464.480000     3.086839     0.052676     1.694124 
  467.605000     3.081208     0.053347     1.691313 
  470.780000     3.075563     0.054010     1.688457 
  474.005000     3.069906     0.054667     1.685556 
  477.280000     3.064240     0.055318     1.682610 
  480.605000     3.058567     0.055961     1.679619 
  483.980000     3.052888     0.056598     1.676583 
  487.405000     3.047205     0.057228     1.673502 
  490.880000     3.041521     0.057852     1.670376 
  494.405000     3.035836     0.058469     1.667206 
  497.980000     3.030153     0.059079     1.663990 
  501.605000     3.024473     0.059683     1.660729 
  505.280000     3.018798     0.060280     1.657423 
  509.005000     3.013129     0.060870     1.654072 
  512.780000     3.007469     0.061455     1.650676 
  516.605000     3.001817     0.062032     1.647236 
  520.480000     2.996177     0.062603     1.643750 
  524.405000     2.990548     0.063168     1.640219 
  528.380000     2.984934     0.063727     1.636644 
  532.405000     2.979334     0.064279     1.633023 
  536.480000     2.973750     0.064825     1.629357 
  540.605000     2.968183     0.065365     1.625647 
  544.780000     2.962635     0.065898     1.621891 
  549.005000     2.957106     0.066426     1.618091 
  553.280000     2.951597     0.066947     1.614245 
  557.605000     2.946110     0.067462     1.610355 
  561.980000     2.940646     0.067972     1.606419 
  566.405000     2.935205     0.068475     1.602439 
  570.880000     2.929789     0.068972     1.598413 
  575.405000     2.924397     0.069464     1.594343 
  579.980000     2.919031     0.069950     1.590227 
  584.605000     2.913693     0.070430     1.586067 
  589.280000     2.908381     0.070904     1.581862 
  594.005000     2.903098     0.071373     1.577611 
  598.780000     2.897844     0.071836     1.573316 
  603.605000     2.892619     0.072294     1.568976 
  608.480000     2.887424     0.072746     1.564591 
  613.405000     2.882259     0.073193     1.560160 
  618.380000     2.877126     0.073634     1.555685 
  623.405000     2.872024     0.074070     1.551165 
  628.480000     2.866954     0.074501     1.546600 
  633.605000     2.861917     0.074926     1.541990 
  638.780000     2.856913     0.075347     1.537334 
  644.005000     2.851942     0.075762     1.532634 
  649.280000     2.847004     0.076172     1.527889 
  654.605000     2.842101     0.076577     1.523099 
  659.980000     2.837231     0.076978     1.518264 
  665.405000     2.832396     0.077373     1.513384 
  670.880000     2.827596     0.077764     1.508459 
  676.405000     2.822831     0.078149     1.503489 
  681.980000     2.818100     0.078530     1.498474 
  687.605000     2.813406     0.078907     1.493414 
  693.280000     2.808746     0.079279     1.488310 
  699.005000     2.804123     0.079646     1.483160 
  704.780000     2.799534     0.080009     1.477965 
  710.605000     2.794982     0.080367     1.472725 
  716.480000     2.790466     0.080721     1.467440 
  722.405000     2.785986     0.081070     1.462110 
  728.380000     2.781541     0.081416     1.456736 
  734.405000     2.777133     0.081757     1.451316 
  740.480000     2.772761     0.082094     1.445851 
  746.605000     2.768424     0.082426     1.440342 
  752.780000     2.764124     0.082755     1.434787 
  759.005000     2.759860     0.083079     1.429187 
  765.280000     2.755632     0.083400     1.423543 
  771.605000     2.751440     0.083717     1.417853 
  777.980000     2.747283     0.084029     1.412119 
  784.405000     2.743162     0.084338     1.406339 
  790.880000     2.739077     0.084644     1.400514 
  797.405000     2.735028     0.084945     1.394645 
  803.980000     2.731014     0.085243     1.388731 
  810.605000     2.727035     0.085537     1.382771 
  817.280000     2.723092     0.085827     1.376767 
  824.005000     2.719183     0.086114     1.370717 
  830.780000     2.715310     0.086398     1.364623 
  837.605000     2.711471     0.086678     1.358483 
  844.480000     2.707667     0.086954     1.352299 
  851.405000     2.703897     0.087227     1.346070 
  858.380000     2.700162     0.087497     1.339796 
  865.405000     2.696460     0.087764     1.333476 
  872.480000     2.692793     0.088027     1.327112 
  879.605000     2.689159     0.088287     1.320703 
  886.780000     2.685559     0.088544     1.314249 
  894.005000     2.681992     0.088798     1.307749 
  901.280000     2.678458     0.089049     1.301205 
  908.605000     2.674957     0.089297     1.294616 
  915.980000     2.671489     0.089542     1.287982 
  923.405000     2.668053     0.089783     1.281303 
  930.880000     2.664650     0.090022     1.274579 
  938.405000     2.661278     0.090258     1.267810 
  945.980000     2.657939     0.090492     1.260996 
  953.605000     2.654630     0.090722     1.254137 
  961.280000     2.651353     0.090950     1.247233 
  969.005000     2.648107     0.091175     1.240284 
  976.780000     2.644892     0.091397     1.233290 
  984.605000     2.641708     0.091617     1.226251 
  992.480000     2.638554     0.091834     1.219167 
 1000.405000     2.635430     0.092048     1.212038 
 1008.380000     2.632336     0.092260     1.204865 
 1016.405000     2.629271     0.092469     1.197646 
 1024.480000     2.626236     0.092676     1.190382 
 1032.605000     2.623230     0.092881     1.183073 
 1040.780000     2.620253     0.093083     1.175719 
 1049.005000     2.617304     0.093283     1.168321 
 1057.280000     2.614384     0.093480     1.160877 
 1065.605000     2.611492     0.093675     1.153388 
 1073.980000     2.608628     0.093868     1.145855 
 1082.405000     2.605791     0.094058     1.138276 
 1090.880000     2.602982     0.094247     1.130653 
 1099.405000     2.600200     0.094433     1.122984 
 1107.980000     2.597445     0.094617     1.115270 
 1116.605000     2.594716     0.094799     1.107512 
 1125.280000     2.592014     0.094978     1.099708 
 1134.005000     2.589338     0.095156     1.091860 
 1142.780000     2.586688     0.095332     1.083966 
 1151.605000     2.584063     0.095505     1.076028 
 1160.480000     2.581464     0.095677     1.068045 
 1169.405000     2.578890     0.095847     1.060016 
 1178.380000     2.576341     0.096014     1.051943 
 1187.405000     2.573816     0.096180     1.043824 
 1196.480000     2.571316     0.096344     1.035661 
 1205.605000     2.568840     0.096506     1.027453 
 1214.780000     2.566388     0.096666     1.019200 
 1224.005000     2.563960     0.096825     1.010901 
 1233.280000     2.561555     0.096981     1.002558 
 1242.605000     2.559174     0.097136     0.994170 
 1251.980000     2.556815     0.097289     0.985737 
 1261.405000     2.554479     0.097441     0.977259 
 1270.880000     2.552166     0.097590     0.968735 
 1280.405000     2.549875     0.097738     0.960167 
 1289.980000     2.547606     0.097885     0.951554 
 1299.605000     2.545359     0.098030     0.942896 
 1309.280000     2.543134     0.098173     0.934193 
 1319.005000     2.540930     0.098314     0.925445 
 1328.780000     2.538747     0.098454     0.916652 
 1338.605000     2.536585     0.098593     0.907814 
 1348.480000     2.534444     0.098730     0.898931 
 1358.405000     2.532323     0.098865     0.890003 
 1368.380000     2.530223     0.098999     0.881030 
