  408.560000     5.394040     0.000000     1.747050 
  408.585000     5.393958     0.000584     1.747031 
  408.660000     5.393711     0.001168     1.746973 
  408.785000     5.393299     0.001752     1.746876 
  408.960000     5.392724     0.002336     1.746740 
  409.185000     5.391984     0.002919     1.746566 
  409.460000     5.391082     0.003502     1.746353 
  409.785000     5.390017     0.004084     1.746102 
  410.160000     5.388790     0.004665     1.745811 
  410.585000     5.387403     0.005246     1.745482 
  411.060000     5.385855     0.005825     1.745114 
  411.585000     5.384149     0.006403     1.744708 
  412.160000     5.382285     0.006981     1.744263 
  412.785000     5.380265     0.007557     1.743779 
  413.460000     5.378091     0.008131     1.743256 
  414.185000     5.375763     0.008705     1.742695 
  414.960000     5.373284     0.009276     1.742095 
  415.785000     5.370655     0.009846     1.741456 
  416.660000     5.367878     0.010414     1.740779 
  417.585000     5.364954     0.010981     1.740062 
  418.560000     5.361887     0.011545     1.739307 
  419.585000     5.358678     0.012108     1.738514 
  420.660000     5.355329     0.012668     1.737681 
  421.785000     5.351843     0.013226     1.736810 
  422.960000     5.348222     0.013782     1.735901 
  424.185000     5.344468     0.014336     1.734952 
  425.460000     5.340583     0.014887     1.733965 
  426.785000     5.336571     0.015435     1.732939 
  428.160000     5.332434     0.015981     1.731875 
  429.585000     5.328174     0.016524     1.730771 
  431.060000     5.323794     0.017065     1.729629 
  432.585000     5.319297     0.017603     1.728448 
  434.160000     5.314687     0.018138     1.727229 
  435.785000     5.309964     0.018669     1.725971 
  437.460000     5.305133     0.019198     1.724674 
  439.185000     5.300196     0.019724     1.723338 
  440.960000     5.295157     0.020247     1.721964 
  442.785000     5.290018     0.020766     1.720551 
  444.660000     5.284782     0.021282     1.719099 
  446.585000     5.279452     0.021795     1.717609 
  448.560000     5.274031     0.022305     1.716080 
  450.585000     5.268522     0.022811     1.714512 
  452.660000     5.262928     0.023314     1.712905 
  454.785000     5.257252     0.023813     1.711260 
  456.960000     5.251498     0.024309     1.709576 
  459.185000     5.245668     0.024801     1.707853 
  461.460000     5.239764     0.025290     1.706092 
  463.785000     5.233791     0.025775     1.704292 
  466.160000     5.227751     0.026256     1.702453 
  468.585000     5.221647     0.026733     1.700575 
  471.060000     5.215482     0.027207     1.698659 
  473.585000     5.209259     0.027677     1.696704 
  476.160000     5.202980     0.028144     1.694710 
  478.785000     5.196649     0.028606     1.692678 
  481.460000     5.190269     0.029065     1.690607 
  484.185000     5.183841     0.029520     1.688497 
  486.960000     5.177370     0.029971     1.686348 
  489.785000     5.170858     0.030418     1.684161 
  492.660000     5.164306     0.030861     1.681935 
  495.585000     5.157719     0.031300     1.679670 
  498.560000     5.151099     0.031736     1.677367 
  501.585000     5.144448     0.032167     1.675025 
  504.660000     5.137769     0.032595     1.672644 
  507.785000     5.131063     0.033018     1.670224 
  510.960000     5.124335     0.033438     1.667766 
  514.185000     5.117586     0.033854     1.665269 
  517.460000     5.110818     0.034266     1.662733 
  520.785000     5.104034     0.034674     1.660159 
  524.160000     5.097236     0.035078     1.657546 
  527.585000     5.090426     0.035478     1.654894 
  531.060000     5.083607     0.035874     1.652204 
  534.585000     5.076780     0.036266     1.649474 
  538.160000     5.069947     0.036655     1.646706 
  541.785000     5.063111     0.037039     1.643900 
  545.460000     5.056274     0.037420     1.641054 
  549.185000     5.049437     0.037797     1.638170 
  552.960000     5.042602     0.038170     1.635247 
  556.785000     5.035771     0.038539     1.632286 
  560.660000     5.028945     0.038904     1.629285 
  564.585000     5.022128     0.039266     1.626247 
  568.560000     5.015319     0.039624     1.623169 
  572.585000     5.008521     0.039978     1.620052 
  576.660000     5.001735     0.040328     1.616897 
  580.785000     4.994963     0.040675     1.613704 
  584.960000     4.988206     0.041017     1.610471 
  589.185000     4.981466     0.041357     1.607200 
  593.460000     4.974744     0.041692     1.603890 
  597.785000     4.968040     0.042024     1.600541 
  602.160000     4.961358     0.042353     1.597154 
  606.585000     4.954697     0.042677     1.593728 
  611.060000     4.948058     0.042999     1.590263 
  615.585000     4.941444     0.043316     1.586759 
  620.160000     4.934855     0.043630     1.583217 
  624.785000     4.928292     0.043941     1.579636 
  629.460000     4.921756     0.044248     1.576017 
  634.185000     4.915248     0.044552     1.572358 
  638.960000     4.908769     0.044853     1.568661 
  643.785000     4.902319     0.045150     1.564925 
  648.660000     4.895901     0.045443     1.561151 
  653.585000     4.889513     0.045734     1.557338 
  658.560000     4.883158     0.046021     1.553486 
  663.585000     4.876836     0.046305     1.549595 
  668.660000     4.870547     0.046585     1.545666 
  673.785000     4.864293     0.046863     1.541698 
  678.960000     4.858073     0.047137     1.537691 
  684.185000     4.851888     0.047408     1.533645 
  689.460000     4.845740     0.047676     1.529561 
  694.785000     4.839628     0.047941     1.525438 
  700.160000     4.833552     0.048203     1.521277 
  705.585000     4.827515     0.048462     1.517076 
  711.060000     4.821514     0.048718     1.512837 
  716.585000     4.815552     0.048971     1.508559 
  722.160000     4.809629     0.049221     1.504243 
  727.785000     4.803744     0.049469     1.499888 
  733.460000     4.797899     0.049713     1.495494 
  739.185000     4.792093     0.049954     1.491061 
  744.960000     4.786327     0.050193     1.486590 
  750.785000     4.780600     0.050429     1.482080 
  756.660000     4.774914     0.050662     1.477531 
  762.585000     4.769268     0.050893     1.472944 
  768.560000     4.763663     0.051121     1.468317 
  774.585000     4.758098     0.051346     1.463653 
  780.660000     4.752574     0.051568     1.458949 
  786.785000     4.747091     0.051788     1.454207 
  792.960000     4.741649     0.052005     1.449426 
  799.185000     4.736248     0.052220     1.444606 
  805.460000     4.730888     0.052433     1.439747 
  811.785000     4.725570     0.052642     1.434850 
  818.160000     4.720292     0.052850     1.429914 
  824.585000     4.715056     0.053055     1.424940 
  831.060000     4.709860     0.053257     1.419926 
  837.585000     4.704706     0.053458     1.414874 
  844.160000     4.699593     0.053656     1.409784 
  850.785000     4.694521     0.053851     1.404654 
  857.460000     4.689491     0.054044     1.399486 
  864.185000     4.684500     0.054235     1.394279 
  870.960000     4.679551     0.054424     1.389034 
  877.785000     4.674643     0.054611     1.383749 
  884.660000     4.669775     0.054795     1.378426 
  891.585000     4.664947     0.054978     1.373064 
  898.560000     4.660160     0.055158     1.367664 
  905.585000     4.655414     0.055336     1.362225 
  912.660000     4.650707     0.055512     1.356747 
  919.785000     4.646040     0.055686     1.351230 
  926.960000     4.641413     0.055858     1.345675 
  934.185000     4.636826     0.056028     1.340081 
  941.460000     4.632277     0.056196     1.334448 
  948.785000     4.627769     0.056362     1.328777 
  956.160000     4.623299     0.056526     1.323067 
  963.585000     4.618868     0.056688     1.317318 
  971.060000     4.614475     0.056849     1.311530 
  978.585000     4.610121     0.057007     1.305704 
  986.160000     4.605805     0.057164     1.299839 
  993.785000     4.601527     0.057319     1.293935 
 1001.460000     4.597287     0.057472     1.287993 
 1009.185000     4.593084     0.057623     1.282012 
 1016.960000     4.588919     0.057773     1.275992 
 1024.785000     4.584791     0.057921     1.269933 
 1032.660000     4.580699     0.058067     1.263836 
 1040.585000     4.576644     0.058212     1.257700 
 1048.560000     4.572625     0.058355     1.251525 
 1056.585000     4.568643     0.058496     1.245312 
 1064.660000     4.564696     0.058636     1.239060 
 1072.785000     4.560784     0.058774     1.232769 
 1080.960000     4.556908     0.058910     1.226440 
 1089.185000     4.553067     0.059045     1.220071 
 1097.460000     4.549261     0.059179     1.213664 
 1105.785000     4.545489     0.059311     1.207219 
 1114.160000     4.541751     0.059441     1.200734 
 1122.585000     4.538048     0.059570     1.194211 
 1131.060000     4.534377     0.059698     1.187649 
 1139.585000     4.530741     0.059824     1.181049 
 1148.160000     4.527137     0.059949     1.174409 
 1156.785000     4.523567     0.060072     1.167732 
 1165.460000     4.520029     0.060194     1.161015 
 1174.185000     4.516523     0.060315     1.154259 
 1182.960000     4.513050     0.060434     1.147465 
 1191.785000     4.509608     0.060552     1.140633 
 1200.660000     4.506198     0.060668     1.133761 
 1209.585000     4.502819     0.060784     1.126851 
 1218.560000     4.499471     0.060898     1.119902 
 1227.585000     4.496154     0.061011     1.112914 
 1236.660000     4.492867     0.061122     1.105888 
 1245.785000     4.489610     0.061233     1.098823 
 1254.960000     4.486383     0.061342     1.091719 
 1264.185000     4.483186     0.061450     1.084576 
 1273.460000     4.480019     0.061556     1.077395 
 1282.785000     4.476880     0.061662     1.070175 
 1292.160000     4.473770     0.061766     1.062916 
 1301.585000     4.470689     0.061870     1.055619 
 1311.060000     4.467636     0.061972     1.048283 
 1320.585000     4.464611     0.062073     1.040908 
 1330.160000     4.461614     0.062173     1.033495 
 1339.785000     4.458644     0.062272     1.026042 
 1349.460000     4.455702     0.062370     1.018552 
 1359.185000     4.452787     0.062467     1.011022 
 1368.960000     4.449898     0.062562     1.003454 
 1378.785000     4.447036     0.062657     0.995846 
 1388.660000     4.444200     0.062751     0.988201 
 1398.585000     4.441391     0.062844     0.980516 
 1408.560000     4.438607     0.062935     0.972793 
