1.0 291.0897
1.1596 334.088
1.3085 367.1558
1.4255 396.9219
1.5532 426.6848
1.7872 476.2832
2.0426 525.8752
2.2021 552.3172
2.4681 588.661
2.7553 621.6871
3.2021 667.9102
2.9149 638.1954
3.6277 704.206
3.9362 727.2919
4.2234 747.073
4.5213 763.5396
4.8191 783.3175
5.1277 799.781
5.4255 812.9363
5.734 826.0885
6.0213 842.5583
6.3404 855.7073
6.6383 872.1739
6.9362 882.018
7.2128 885.246
7.5106 898.4014
7.8298 914.8616
8.1489 921.388
8.4362 931.2353
8.7234 941.0827
9.0426 950.9203
9.3298 960.7677
9.6489 970.6054
9.9681 977.1318