4779	
	-2.358943595e-47	  1	14.6712115	-6.846723033e-47	  1
	-4.39269202e-11	  1	4.821364904e-46	  1	9.436210336e-48
	  1	14.6712115	-2.035196858e-47	  1	4.123363788e-11
	  1	-4.380606634e-44	  1	14.6712115	-2.202653352e-10
	  1	-1.742814177e-43	  1	-5.419784967e-10	0.9999999996
	-1.046623183e-10	  1	14.6712115	-1.566272528e-10	0.9999999997
	1.995420314e-10	0.9999999997	-1.668187409e-10	0.9999999999	2.068133005e-47
	0.9999999999	14.6712115	-1.153717305e-47	  1	1.679271974e-44
	9.420764435e-44	18.07597476	0.04576198628	0.001862840866	9.80473408e-44
	1.266972637e-43	-4.215021478e-44	1.457336104e-43	0.04343656508	0.001553766723
	-3.173357253e-44	6.140602326e-44	17.70748141	0.04704443416	0.001688977516
	-9.284596645e-44	7.152511254e-44	-8.659771376e-44	  1	14.6712115
	1.2078416e-09	1.000000002	-1.748204603e-43	  1	1.999592269e-09
	0.9999999998	14.6712115	1.025177629e-08	0.9999999869	5.813417594e-09
	  1	-5.027170003e-09	1.000000002	2.420692012e-47	1.000000002
	14.6712115	1.710274755e-08	0.9999999599	1.340542676e-47	0.9999998814
	6.37295153e-44	4.550158175e-44	18.72372802	0.04726923277	0.002064398751
	1.620606234e-43	-2.490603968e-44	0.04875523337	0.002094520955	0.05090425445
	0.002933406182	0.09871860334	0.008496506566	0.09597665794	0.007703640879
	17.6283134	0.1585260895	0.0201841138	0.1434307672	0.01753219661
	0.09618909604	0.007388933135	-4.717429613e-44	1.771810581e-44	17.32113949
	0.04096371535	0.00122200475	-9.303692129e-44	1.386431795e-45	0.0446991528
	0.001483682144	0.1546932476	0.01845541626	0.1405812533	0.01481783669
	0.08921668751	0.006014991755	0.09670594424	0.007207518061	17.17743043
	0.03209429079	0.0007110334564	-3.090959834e-44	-1.586211701e-44	16.77272347
	-5.436834354e-44	-3.421436546e-44	-4.02426236e-44	-1.371937918e-44	17.02412942
	0.03341775647	0.0007778376759	0.03913874667	0.001093951653	-6.425037771e-44
	-2.707752265e-44	-8.823043351e-44	  1	14.67121148	-1.75812544e-43
	  1	2.555724173e-08	0.9999999961	-5.921505771e-09	0.9999999972
	14.67121153	1.011620872e-07	1.000000144	2.604144594e-08	1.000000081
	8.141159383e-09	1.000000034	4.702132326e-48	0.9999999214	14.67121177
	1.413964636e-47	1.000000145	3.021386493e-07	0.9999999878	5.616336591e-44
	-6.484225544e-44	19.55263363	0.04980782789	0.003653397235	6.687410855e-44
	-1.470088285e-43	0.1020649761	0.009830078822	18.23803269	0.1512702854
	0.02067914516	0.1597313491	0.02462533945	0.1047530517	0.0110786684
	0.05671784694	0.004213305944	0.1352302643	0.02089139537	0.1709958305
	0.02973842618	0.1106394815	0.01346723546	19.4065517	0.207733249
	0.03517264713	0.2513626538	0.05048385956	0.2580820776	0.05886813177
	0.2449985945	0.05047256897	0.2098622044	0.0407952065	0.1970979308
	0.0336342733	17.35270283	0.2790270342	0.07354462921	0.2844319967
	0.06282910103	0.2176371295	0.0368629311	16.74106974	0.2589205454
	0.04984065741	0.1985768769	0.02977225969	0.1305909866	0.01252887904
	0.1251080653	0.01109171979	0.08283748792	0.005040132667	16.88284981
	0.1821274063	0.02437141283	16.63427092	0.07391981945	0.003910928008
	0.2391003268	0.04151832328	0.1723081649	0.02096032315	0.03080169434
	0.0006346722846	0.1140457735	0.008993134605	-4.210560967e-44	-4.730678806e-44
	-2.673900589e-44	-2.160881764e-44	16.5923354	0.04806725915	0.001536828704
	0.08256722153	0.004493582219	0.06633562772	0.003039854956	16.63096224
	-2.06277047e-44	-2.475587366e-44	16.37158377	0.04603683962	0.001452109674
	-2.998670752e-44	-4.715202141e-44	-1.77079531e-43	  1	-8.762890318e-44
	  1	14.67121139	-2.585749477e-07	0.999999908	8.813189692e-07
	0.9999985898	-7.152767388e-07	0.9999999492	14.67121097	-1.117956449e-06
	0.9999997902	-1.69498392e-06	1.000001763	1.223539746e-47	1.000023922
	-4.91336214e-06	1.000007851	-5.836084454e-48	0.9999982528	14.67121286
	9.64944871e-45	-7.719332911e-44	20.29589595	-2.683933233e-44	-8.043947009e-44
	0.06741061017	0.003149472423	0.2285710602	0.05203180744	17.83950657
	0.2013852544	0.04429931991	0.2986967731	0.09100603657	0.2749329568
	0.08401093867	0.08767858626	0.005676943264	0.1658630729	0.03284257224
	19.09849556	0.2531032814	0.0829331704	0.2089185111	0.06355250888
	0.3212548227	0.08215853177	0.3048685525	0.07995196719	0.2894587116
	0.06890252377	16.64552288	0.3488756747	0.1010998248	0.4031899657
	0.1248158016	0.371411227	0.1019777938	0.3199151981	0.07594657812
	0.3769238004	0.1142084757	0.3498954383	0.09485010369	16.1377975
	0.3235279249	0.0947306925	16.71574651	0.3929501456	0.1461146989
	0.3434509638	0.1136213203	0.3680781045	0.1177029132	0.4170620771
	0.1763150435	0.4176052934	0.1963948109	0.350238521	0.1395340321
	0.3670096342	0.1404341947	16.60759736	0.4087265814	0.1207724418
	0.2945014045	0.06234554936	16.13343048	0.2255038997	0.03587385496
	0.2723846826	0.05056282329	0.2140407483	0.03083734947	0.1643871814
	0.01863356072	16.37276725	0.3364853539	0.07964362062	0.1271956487
	0.01078878301	-2.091667556e-44	-3.867648041e-44	0.1306937007	0.01094537518
	0.07744765313	0.003832286023	0.1754106494	0.02020719712	0.05133912624
	0.001641292869	0.09691926338	0.006139885525	16.25855369	-1.755826137e-44
	-3.945270208e-44	-1.297419697e-44	-1.969797804e-44	16.06775582	-1.560866065e-44
	-2.465975879e-44	16.2301934	0.07331431805	0.003411026363	0.04374484989
	0.001248185928	0.3736739604	0.09697569085	15.69541392	0.3997651492
	0.1080341395	0.3107490279	0.06520295717	0.4393529472	0.1355186154
	0.4580078082	0.1434410011	-2.710329587e-06	1.000000339	-1.778109877e-43
	  1	-8.894150423e-44	  1	14.67121333	-2.320074575e-05
	0.9999882286	-9.379764254e-06	0.9999971576	-1.115897668e-05	0.9999995778
	14.67120876	-4.420614873e-06	0.9999917964	4.289456127e-47	1.00010418
	-7.951563681e-05	1.000052633	-2.132229801e-47	1.000013336	14.67115089
	0.1433827791	0.04263260411	3.482723137e-44	2.087349523e-44	-9.781413858e-45
	3.905298379e-45	28.68582963	-1.041508429e-43	-2.272629911e-43	0.1824617252
	0.1102213259	0.4062260262	0.2051439826	0.3949167185	0.2263956558
	0.2993993868	0.1330695971	0.3677274032	0.241090783	0.3021712804
	0.2250416776	0.3325015352	0.140052978	17.21149384	0.2656793268
	0.1387046985	18.86695614	0.4576032567	0.2973389194	0.4319667373
	0.1685929218	0.4646362906	0.1878231226	0.4073459741	0.1394630727
	15.98944146	0.4311379589	0.1474002993	0.4792848215	0.1681058143
	0.4522468003	0.1559846864	15.59455126	0.4829607163	0.1904190148
	0.5149959333	0.2097484502	0.5187147797	0.2047948737	0.5218294177
	0.2933049547	0.5117814015	0.3598818274	0.4636419509	0.2336658117
	0.4929136079	0.2277697508	0.4616113696	0.2106259856	15.76621313
	0.524910046	0.3316671015	0.4667761077	0.2678000697	15.49187118
	0.5023235435	0.1794769032	15.25361816	0.5380846788	0.2124995516
	0.5817757653	0.2482443721	0.5450296638	0.2097426405	0.2571495724
	0.04375387407	15.85597619	0.2043910527	0.02709200463	0.3139728067
	0.06423653918	0.3425967918	0.07781663475	-1.435631651e-44	-3.611291914e-44
	0.09682393584	0.006207310359	0.04788290312	0.001373474713	0.1552570409
	0.01567209837	0.1041953082	0.007175910971	15.87717115	-1.156103607e-44
	-2.025453085e-44	15.91204643	0.1305068413	0.01116117917	0.1605091037
	0.01655691734	15.90134071	0.184171226	0.02155123625	0.2630362751
	0.04449975554	-1.016294837e-44	-2.053706453e-44	15.79163439	0.08880692814
	0.004962915822	-1.12896222e-44	-3.463047734e-44	0.1006556225	0.006343753817
	-4.664246942e-46	-1.609339182e-44	3.14090127e-46	0.04066088048	-1.787624735e-46
	3.10044915e-46	15.54010815	4.464360285e-46	-4.703312199e-45	15.53002254
	0.03186653442	0.01855117428	7.329467134e-46	-4.427212908e-45	0.06532974131
	0.0221524834	0.1213756067	0.02321121501	0.1020431793	0.02645639028
	-1.656939652e-45	-9.475487773e-45	15.52239541	-2.89570085e-45	-2.752036993e-44
	0.6162491439	0.2762653613	0.4970748968	0.1673079754	0.6433901658
	0.2994150569	0.5015501186	0.172121686	0.4214652266	0.1186257186
	15.37921917	0.569968431	0.2249847333	0.5810558097	0.2380493899
	14.93834077	0.3875302408	0.09882800396	-8.155931164e-07	0.9999921594
	-1.790174274e-43	  1	-8.877428636e-44	  1	14.67121967
	9.022331467e-05	0.9999860941	-0.0001511726277	1.000254981	0.0001099320031
	0.9998563326	2.837116354e-05	0.999987131	14.6712769	-3.074734477e-47
	1.000287467	14.67059079	0.000456579616	0.9987336936	-1.146243679e-46
	0.9954303568	4.7010025e-44	-8.952269641e-44	13.45365128	1.81438855e-44
	-2.068050458e-43	0.05269193349	0.184164475	-2.512831323e-44	-1.298314276e-43
	-3.047664319	0.1335117274	0.2259156735	0.2155107033	0.2122419051
	-0.001098612229	0.1110511122	0.07257158805	0.282249828	0.07451802897
	0.3403790428	-0.001034854012	0.08810148151	0.01911046259	0.2034927109
	0.02423640391	0.2153128651	4.785675304	-2.294938408e-43	-1.225228605e-43
	0.006309635143	0.1007099394	-1.01783905e-43	-9.84306541e-44	5.02835203
	0.05053944335	0.3173922386	0.3937584241	0.3266473588	0.3739641686
	0.4170119997	0.2572385221	0.3395155538	0.3294289876	0.321622563
	13.90670409	0.4427238637	0.3384245012	14.20665	0.497479164
	0.4017216008	0.4918015485	0.4611378009	0.4310676892	0.4161707616
	0.5406699767	0.5116202032	0.5627803938	0.4196008456	0.5457337478
	0.4566078311	13.71913105	0.586415229	0.5379516323	0.5504440591
	0.2594540837	0.5487328308	0.3042533456	0.587963864	0.3294503997
	0.5206776593	0.2440204419	15.34739454	0.604221295	0.4989680175
	0.5768389771	0.2540798559	14.99107872	0.6187148949	0.2911028463
	0.6372950607	0.3281530164	0.6402714491	0.3459226103	0.5766067063
	0.2627297067	0.6122080078	0.3375223867	0.5767445725	0.2746711064
	14.97954722	0.6129539973	0.4065260562	0.6316474465	0.4992216174
	0.5745611023	0.3905481541	14.41244299	0.6741529143	0.3640542302
	0.7156214546	0.4053542589	0.6794122038	0.3449745595	0.654972358
	0.3259433988	14.66975751	-1.491857426e-46	0.1473035958	15.32288518
	0.07753412735	0.2785747635	-4.142128415e-46	0.4129143398	0.06992659099
	0.1122496916	0.1590230784	0.02875541432	0.09012977183	0.00513659355
	-7.967384999e-45	-1.689135394e-44	15.68103658	0.1482644422	0.01669845877
	-7.555625675e-45	-3.007572568e-44	-5.754339281e-45	-1.488745468e-44	15.57601971
	0.126760426	0.01373936093	0.2449008444	0.04440938748	0.3406400071
	0.0769774534	0.3592071845	0.0844367627	15.40465494	0.201933084
	0.02650555359	0.2034861923	0.02662685454	15.64064785	0.4607889472
	0.1422710006	0.2759801696	0.04902038925	0.4193160638	0.117181298
	0.3222990772	0.07046293944	0.2016771564	0.02781525047	15.48264237
	0.3203649535	0.07290318897	0.128490995	0.08478238649	15.35431198
	0.2244874499	0.1972835269	0.1838264793	0.08484931593	0.1695563622
	0.2532005059	0.3178590453	0.2229456782	0.2659017501	0.07696188485
	0.3622711746	0.2109413455	0.3303783254	0.1407591931	0.2489001723
	0.09336323067	15.28497272	0.7332730277	0.4175819133	0.6279795076
	0.2799513709	0.5080921946	0.1757645035	0.6968780805	0.3570147902
	0.6987638395	0.363380179	14.54258595	0.6335440495	0.286168079
	0.559982894	0.216226948	14.97899435	0.7566679849	0.4453220016
	0.0589085588	0.7140126381	4.76224786e-46	0.6529440618	14.96844556
	-2.822626686e-46	0.7978653973	0.06833657909	0.5478720097	0.03494642296
	0.8366026276	0.03617776851	0.9040228835	-6.116897694e-46	0.8906669294
	14.75849171	1.769067374e-45	0.9741624497	-8.99902857e-44	  1
	14.67117319	0.0003961681055	1.000207466	-1.835843439e-43	  1
	0.002287156547	0.9995414897	14.6714032	0.01230557321	0.9860594968
	0.01240354335	0.9673560641	0.004632209005	1.001005686	0.003118729587
	1.000026299	-9.84255842e-46	0.9937603072	14.68227569	0.001668995674
	1.001161101	0.3064627492	0.4396996425	0.2519644462	0.4722686005
	0.1434898803	0.4050766567	0.1818459901	0.3546985549	7.656947691
	0.2147412629	0.5183992801	0.2146211443	0.5689862629	0.09697238912
	0.4378712921	0.1291605422	0.4519997134	7.027919404	0.172383256
	0.5563632374	0.1360639818	0.5435227205	-1.825658175e-43	-1.272772626e-44
	0.04310427644	0.3543520201	0.01695395336	0.2001014791	5.308631747
	0.04084566024	0.317337609	0.004235598556	0.09188828998	0.09679300106
	0.5029149489	-9.967979099e-44	-3.87808479e-44	5.314145328	0.02026726371
	0.2459359163	0.005994502952	0.1421583583	0.001107501006	0.07605646239
	0.07590656349	0.4297534569	6.679785149	-8.714677997e-44	1.130178297e-43
	0.001179734771	0.07216096522	-9.160886995e-44	3.311245636e-44	6.101197391
	0.3612234565	0.5378699566	0.4085514933	0.4980578737	12.18974945
	0.45074714	0.5891164808	0.4750652719	0.5339560694	0.5789595623
	0.5912487236	0.568953178	0.6569674767	0.5099679681	0.621010106
	0.530552135	0.5690686829	12.50970487	0.6506141807	0.6059420411
	0.6207386947	0.6128923181	12.81773364	0.6571956426	0.6956810704
	0.6131436296	0.6746754485	0.7360141896	0.4546800232	0.7440570295
	0.499708358	0.6463095827	0.4226556908	14.30665082	0.6735601281
	0.4157521272	0.7178772516	0.6554237105	0.6852006132	0.686872752
	0.708825685	0.5632308148	0.6764356857	0.6014396701	13.16125482
	0.6950232406	0.4165452002	14.35647641	0.6658184647	0.5055793274
	0.7341276708	0.540123492	0.7779898362	0.5297558239	0.8145098855
	0.5853829535	0.7909411927	0.5114393884	0.7689165176	0.489475482
	14.11237251	0.8320608251	0.5985435775	0.2316615799	0.3956777577
	0.2209977364	0.6007564918	0.1549148305	0.4451072813	15.09618626
	0.1369497004	0.6461514884	0.2693022859	0.06238129211	15.30235755
	0.3353882026	0.08852718111	0.3690823955	0.1334091031	0.4175359876
	0.1517638818	0.4221689094	0.133304041	15.15575594	0.4655734501
	0.1491444503	15.12750774	0.5842821802	0.2520696435	0.5458815186
	0.2280635099	0.4415341307	0.1393289372	0.5037099774	0.2091962078
	0.5791243564	0.2364078261	0.3734926874	0.3514883682	0.3968862529
	0.4925159422	0.3092504036	0.5916046962	0.3145341333	0.3570965117
	15.09891619	0.4852161885	0.2409508938	0.5167232643	0.423795998
	0.4383567869	0.3561867762	15.0276928	0.468105181	0.5146884689
	0.4289077547	0.2123630159	15.09430995	0.5339287181	0.3552483586
	0.4461829372	0.2878456432	0.8555713167	0.6407777628	0.8074206106
	0.5318974055	14.11155916	0.8350966381	0.5832401348	0.7484064168
	0.4281835101	0.6929202312	0.3563762263	14.6050628	0.780268903
	0.4807516413	0.6784992648	0.352954103	0.7488484883	0.440344925
	0.1670306414	0.7681094532	0.1580938943	0.8842896612	0.04268489669
	0.9855324761	0.1013888223	0.7904603585	14.85716338	0.1086044573
	0.9565706375	0.08498615697	0.8817731227	0.06286550087	0.9412571791
	14.72638939	0.004359942742	1.002827683	-8.758572317e-44	  1
	14.66809168	-1.804522288e-43	  1	0.02124578568	1.003684846
	14.66448462	0.03388946249	1.024171515	0.05851750472	1.006413546
	0.01249465373	1.020061323	0.2499640621	0.6579753968	0.4095495388
	0.624609159	0.2973280576	0.6649019166	9.179370765	0.316012728
	0.569596666	10.12415318	0.3399026304	0.7434521255	0.382650567
	0.6645385823	0.3058492984	0.6194031109	0.369717091	0.7110168906
	0.1565924656	0.6093564633	0.2105131139	0.6489072798	8.299197642
	0.2951317584	0.7392007539	0.2379583413	0.7228880107	0.1849629127
	0.6872069077	0.1456173467	0.6589488114	0.09114958189	0.5478042171
	0.1166036528	0.571032525	7.365911356	0.06086765338	0.4296616022
	0.0111214642	0.2138474902	0.0009207910669	0.06928065522	0.005416525584
	0.1753117485	0.004430349884	0.1472741354	6.271841096	0.01379739061
	0.2545244959	0.02437386513	0.289437056	6.36933742	0.02664873092
	0.3260801866	0.04770586659	0.4144215618	0.001472608824	0.09941916601
	4.315056295e-44	8.196473664e-44	3.109463184e-45	5.689593085e-44	6.459685574
	0.5487024327	0.7049713617	0.5292414743	0.7539738356	0.4858562898
	0.6711754384	11.25730304	0.4604627248	0.7117765954	0.5852208102
	0.7833776411	0.6348134748	0.8096195175	0.6486539014	0.7536317872
	0.6020627391	0.7358566681	11.92504224	0.7253536172	0.7350392753
	0.7116619981	0.84260767	0.6773111593	0.8248593897	0.6887405545
	0.771190107	12.30246732	0.7851616677	0.5827896714	13.75297604
	0.7742779597	0.6339851805	0.8188171473	0.7005041958	0.8224192052
	0.6371111929	0.7534443648	0.7042745193	13.01043474	0.7475055439
	0.8059236682	0.8019721835	0.7667203967	0.7743706946	0.8394668104
	0.8189065558	0.8901556156	0.8864428558	0.8112187587	0.8755354659
	0.7248257265	0.8522855795	0.6867460213	13.53646622	0.8514203448
	0.7473222589	0.904989913	0.8401837905	0.8933454938	0.7594877897
	13.4982651	0.9194409051	0.8546500777	0.8765165129	0.6857788704
	0.3438570769	0.71770028	0.2141543529	0.9114754708	0.3056264438
	0.828742214	0.241777717	0.983485333	0.2455996777	0.7676957051
	14.83996695	0.7227386398	0.4264482963	0.5545978749	0.2850939168
	14.91312634	0.602219072	0.4123121276	0.6032605013	0.3123954754
	0.6528086071	0.4227215079	0.7574008558	0.5113137638	0.6613370499
	0.3558787851	14.69124817	0.712120148	0.4776428803	0.4555767428
	0.6583196845	14.81863209	0.4206632946	0.8068906893	0.5332305182
	0.5997529582	0.5137072243	0.7535570788	0.6020759949	0.5228608505
	14.75224888	0.6096805192	0.7204257671	0.6633575814	0.6637171159
	0.6600754894	0.5433165256	0.904868762	0.7758005867	0.8209305521
	0.5648829246	0.8549471709	0.6298780669	13.97126685	0.7875223333
	0.518836345	14.33930665	0.85843807	0.6668998583	0.813156465
	0.6040186493	0.8912826844	0.739986378	0.8669226218	0.7428316641
	0.2059163739	1.035045542	0.15084924	1.006046936	14.63519801
	0.1647967454	1.078848522	0.1036503251	1.054856647	-9.216785999e-44
	  1	0.009680841233	1.033062724	-6.767159119e-44	  1
	14.64166536	0.08505052942	1.105807173	0.01912810662	1.066330651
	0.04902063541	1.065575993	14.56602632	0.05136260696	1.108408426
	0.3155173573	0.8055843174	0.3767708401	0.8154068927	9.59651614
	0.3932468933	0.8810924709	0.4474776548	0.8576193318	0.4048815367
	0.7841651626	0.4360858721	0.7494683032	10.40583966	0.5065013036
	0.7916682599	0.476683538	0.8243098713	0.3364774666	0.8727843838
	0.261918284	0.7915764411	8.625282137	0.2655343879	0.8522754564
	0.2125104493	0.7659176723	0.1169230723	0.6361331041	0.1728506354
	0.7403079297	7.988739615	0.1473095213	0.7363513898	0.2210307748
	0.8287491082	0.001064635448	0.09601442471	0.07303658079	0.5296727734
	7.186052603	0.02010407289	0.3473768636	0.02821340025	0.3611669911
	6.817286117	0.0075327893	0.2346562342	0.006274489928	0.2019562874
	6.692856673	0.01406567723	0.2776013205	0.04703973673	0.4438222675
	0.03538861656	0.428722537	0.05392068925	0.507389715	0.1004338972
	0.6358993411	0.0009297226552	0.1037598329	0.001863489828	0.1308823741
	9.33672228e-44	3.611961058e-44	3.852524293e-44	3.221988132e-44	6.761545269
	0.0008372897622	0.1013596222	5.240393242e-44	7.418070274e-45	6.984107374
	6.817477462e-44	-9.101586298e-45	0.5398378426	0.8621643798	0.6188447477
	0.8540659268	0.6050785569	0.9102384303	0.5672572771	0.8289838125
	11.20298609	0.6635121184	0.877565693	11.64044623	0.7314779462
	0.9090142193	11.91510189	0.7595752951	0.9386442746	0.7267145798
	0.9679842998	0.6507089294	0.9323448998	0.694418204	0.9543435807
	0.6995404249	0.893491632	0.8643609604	0.9566419921	0.8385816433
	0.9208176338	0.8407568993	0.8230554318	12.8687953	0.8799653789
	0.8812243012	0.7919439001	1.061725176	0.8554208035	1.050611236
	0.8074359824	0.9939108332	0.8138626872	1.085129219	0.7842807709
	0.9665179042	12.01843047	0.7548623909	0.9952978061	0.8282424857
	1.019911946	12.11980386	0.9082476012	0.9328711697	12.88843994
	0.9271241917	0.9361302129	0.9226947346	1.076952035	0.8973892462
	1.002243548	0.927570353	0.8820544106	0.9395567644	1.067733706
	0.9474012876	1.060053446	0.9362062475	0.9422661995	13.21078258
	0.2088182649	1.134859133	0.3262451772	1.12147617	0.3222684683
	1.014464834	0.2691963352	1.084125741	14.49295049	0.3577412757
	0.9214821952	14.63396564	0.3923736291	1.028882096	0.4520444701
	0.9020969677	0.8207358801	0.6780922862	14.2178768	0.7276072188
	0.7141608571	0.7804131852	0.760635648	0.8264746338	0.8289925854
	0.7233466747	0.5799914225	14.52227913	0.8614822244	0.8052490272
	0.7707941726	0.6201873741	0.5605275286	0.8799043901	14.51737233
	0.6012827411	0.987629035	0.632235645	0.8566016648	0.4971488241
	1.050014314	0.702001597	0.8248284359	14.37801964	0.7505939354
	0.8792586654	0.680212185	0.9852355487	0.8454104253	0.9458828664
	0.9100192423	0.8383958332	13.70523042	0.927622593	1.018160389
	0.939083399	0.9923803103	0.9030518191	0.8952057337	0.8866858737
	0.9420750138	13.77400242	0.8721132044	1.054071784	0.9069211493
	1.051982968	0.0936868898	1.166742384	0.1751950258	1.218923871
	0.1426447597	1.157397411	14.39703723	0.2508295894	1.184159498
	-4.081453451e-44	  1	14.54849086	-6.163495932e-44	  1
	0.00917695878	1.066878839	0.108484659	1.223911444	0.04764008724
	1.173363132	0.01394106412	1.095142525	0.04640751197	1.143924771
	14.34922085	0.3336178217	0.9295632046	0.458718665	0.9206132969
	0.5797964907	0.9415540966	0.4081739057	0.9429464966	9.591096298
	0.5321698658	0.9994190572	0.4840993777	1.02464749	0.4037622824
	1.015303288	0.51210539	0.8932744957	10.51207606	0.3369553734
	1.002683451	0.2542309501	0.9551314488	0.2695192173	0.9104807604
	8.608973661	0.1900024255	0.824079624	0.1278446233	0.7348785265
	7.747226283	0.07614821484	0.6109162588	0.1842794682	0.8735806688
	0.1111160589	0.7443785669	0.06846835583	0.6280133538	0.008761607925
	0.266355713	6.964874027	0.03240769515	0.4874843258	0.01692076018
	0.379246189	0.005491561803	0.2337964588	0.02069509206	0.3752628929
	0.04198542278	0.4925875843	7.179462132	0.0006437961236	0.09925001075
	0.003400541179	0.2045185036	7.061859375	0.003899795035	0.2382587234
	0.01161945453	0.3441423617	0.0009772978987	0.1350307042	3.897658206e-44
	1.570892685e-44	2.24299286e-44	4.177122455e-45	7.088347675	0.6549077714
	1.122610906	0.6949021296	1.139288853	0.592910255	1.043004299
	0.6370215473	0.9848052948	11.07073044	0.6816475203	1.005551832
	0.762776421	1.090190931	0.7207899877	1.024782366	11.47240076
	0.8772940464	1.07926911	12.24314995	0.9073153901	1.148448016
	0.8528350018	1.206481149	0.8423488595	1.112586919	0.7964035656
	1.149722665	11.59894092	0.7375762832	1.197971273	0.8101110679
	1.244608893	0.8850222342	1.264576748	0.8538233219	1.400917628
	0.9242332285	1.208014207	12.37666917	0.9224530524	1.339300161
	0.9029419408	1.338008975	0.9434939428	1.18181158	0.9343217559
	1.169544593	0.9455680152	1.163647387	12.93917216	0.9226079599
	1.309017321	0.9330860568	1.304822552	0.1221178818	1.278224688
	0.3145121905	1.26161667	0.4360615354	1.249295509	0.3950474981
	1.167604116	14.27241451	0.5059034451	1.156923341	0.5600891092
	1.254429025	0.7979330951	0.9506413259	14.03531858	0.767150624
	1.137486813	0.8243240654	1.042688188	0.6651243095	1.194856384
	0.6251347073	1.118488863	14.11951147	0.718640771	1.054822826
	0.9044198729	1.299195044	0.7758482873	1.233366178	0.8421842326
	1.148346934	13.62994522	0.8201819059	1.284497274	0.9142670281
	1.17491064	13.25900641	0.8571898707	1.315738997	0.8810449656
	1.159818918	0.2661783027	1.37741157	0.3278020233	1.346618582
	0.1658331121	1.336312568	0.2112007301	1.301395834	14.0732055
	-2.781180437e-44	  1	14.39220165	-4.857947966e-44	  1
	0.01074806514	1.098995709	0.07480566842	1.265455248	0.01463920779
	1.12739066	0.04810673847	1.203193867	14.10337905	0.4007862243
	1.084069601	9.365082995	0.5041020849	1.208589002	0.6144316033
	1.174820881	0.4738766214	1.093468054	0.5487407197	1.096028194
	10.22077495	0.3161374073	1.044915434	0.4386571529	1.20353991
	0.3605208775	1.171821893	0.1599784562	0.8795013941	0.2421923945
	0.999273345	8.476593592	0.2035794622	1.011781911	0.2855121692
	1.129856708	0.2440261	1.143191683	0.09868924762	0.7567576677
	7.671298045	0.05314481499	0.616786228	0.08691506168	0.7779583503
	0.1366233644	0.8979511685	0.01139021534	0.3734026187	0.02532952153
	0.5309847966	0.04897809306	0.6478561223	0.02633799023	0.4877208938
	7.26944459	0.004347288112	0.2712975163	7.187052835	0.0007057749589
	0.1327390985	2.017287558e-44	1.291791673e-44	7.143057902	0.0009665187237
	0.1719365061	5.358177461e-44	2.699039157e-44	0.01199092183	0.4229699987
	0.004334590681	0.3069385076	0.5677915344	1.283538907	0.7319023934
	1.444964288	0.8038836065	1.448004951	0.66758873	1.243995113
	10.67650072	0.8187344817	1.329411328	11.44039509	0.6521223797
	1.407030388	0.7556795135	1.291651056	0.7205252792	1.555764929
	0.7856305509	1.553938515	11.10990807	0.7530393973	1.642974007
	0.8122822795	1.630942453	0.8725950968	1.460550319	11.75845799
	0.8967691227	1.45233807	0.8344983985	1.507091521	0.8468859138
	1.584375222	0.8357594223	1.418598533	0.9050489153	1.44456263
	12.29204702	0.8813814028	1.421815636	12.79783568	0.8999890402
	1.433183896	0.8554327834	1.584791094	0.8440606601	1.55821127
	0.8218288387	1.51857581	0.8663586912	1.567390913	0.02933650567
	1.193671116	0.20866041	1.422862568	0.0799247422	1.327677079
	0.1105870365	1.336099042	13.81610616	0.1512894709	1.412549854
	0.5826072068	1.339903563	0.4688991805	1.354037865	13.86634253
	0.7412054646	1.343976601	0.40504918	1.425497083	0.6981560666
	1.289286375	13.70063943	0.517038139	1.448994683	0.6708947031
	1.514910748	0.7790120111	1.410376858	13.25061838	0.6409613773
	1.441270067	0.7707927612	1.497134407	0.2669883601	1.498918002
	0.3336459798	1.550547209	0.4343387872	1.526584573	0.329320118
	1.470093474	13.64707438	-4.097623844e-44	  1	-2.311698758e-44
	  1	14.14013265	0.01186287924	1.135101776	-1.119274179e-43
	8.228153681e-44	-4.208959915e-44	3.158129945e-44	2.940734416	-0.0004127255911
	0.1074547902	-0.004085096078	0.1065481398	-1.383796245e-43	3.656569091e-44
	-0.002712243307	0.1006132274	-9.063454749e-44	-2.272635061e-44	3.150873989
	-0.001394084458	0.1044994654	-5.124418511e-44	-9.216034734e-44	0.001769957279
	0.1240710619	0.4682960715	1.310196388	9.542362804	0.3811093551
	1.430996883	0.4439897602	1.454441648	0.3919288879	1.282256085
	0.3221107696	1.248065153	8.878544922	0.2868941095	1.287500868
	0.5645079609	1.442823447	0.3427622269	1.468038126	0.1986018715
	1.24943538	0.2579392631	1.327305222	8.563666578	0.1743038414
	1.027532176	8.145040413	0.2593047717	1.462769766	0.1602500401
	1.098245572	0.1191712901	0.9143981895	0.2188959618	1.186123838
	0.07336328221	0.8704205273	0.04450837309	0.6835078715	0.0776039227
	0.8019991791	7.664020716	0.1140081603	0.9950396403	0.04466208008
	0.7615894929	0.02446305889	0.5743481234	7.387867005	0.02811976724
	0.6982034939	0.01096283887	0.4538224615	3.035448802e-44	1.088603809e-44
	7.121215238	0.0006993074959	0.1697431599	5.874674236e-44	7.818228963e-45
	0.001279842115	0.2714944851	0.01437735108	0.5843236071	0.004368240345
	0.3424093828	7.241626386	0.005192907004	0.4390306006	0.6062592608
	1.692577213	0.5270582144	1.573734319	0.6890005241	1.646836863
	0.6352439482	1.548443872	10.25683203	0.720185513	1.724688456
	10.79266416	0.703004813	1.826016415	0.6510046058	1.774488237
	0.7792168866	1.709065619	0.01316706443	1.163785485	0.655468396
	1.588301926	0.7497668888	1.80223405	0.8144289257	1.687440597
	11.59764715	0.7598229769	1.804830558	0.8150120037	1.691470957
	0.7532510853	1.586736658	12.8223579	0.697426291	1.741034567
	0.7788702538	1.634123667	0.6792918877	1.681237746	0.7071868695
	1.802096389	0.7519008236	1.790277727	0.7921585214	1.686167051
	12.24654133	0.04952490692	1.292697723	13.6230441	0.04245437259
	1.30317847	0.1777494321	1.538613563	0.1997917839	1.498777329
	13.4377837	0.1145779675	1.414321615	0.2592519936	1.569314922
	0.09206320408	1.422066604	0.4709314688	1.689476365	0.4420137878
	1.626860982	0.5540610468	1.566516906	13.25774633	0.5821920091
	1.653503059	0.3477028384	1.700705008	0.234867335	1.624891864
	0.3270878543	1.636558374	13.10446818	-3.451613655e-44	  1
	-1.973314902e-44	  1	13.81823247	0.00837928106	1.145218361
	-0.01484979786	0.1679517229	-4.469827797e-44	1.550477183e-43	-6.460233384e-44
	7.130441463e-44	7.108945519	-0.03717107778	0.148769378	-0.02962210356
	0.2766765625	-0.01287610848	0.2207805941	-0.01524444612	0.2375554087
	2.833324436	-0.05785225932	0.3726236901	-0.03843634667	0.3479531833
	-0.02729595001	0.3268134929	-0.01027810178	0.2095424044	2.949544912
	-0.007685750562	0.2076843422	-0.02211841457	0.326729757	-0.006206952978
	0.2081948816	2.733109493	1.388594114e-44	-4.398799977e-44	2.962842132
	-0.0175266905	0.3203232699	-0.01096180944	0.2870071579	-0.00361478523
	0.1804742705	4.486657629e-44	-4.533585973e-44	-0.0009217701648	0.1008237343
	-0.06223468862	0.3200816856	1.687802594	-0.08924109137	0.3109298831
	-0.1345654828	0.4228039869	-0.0922839712	0.4140448925	0.4083197889
	1.755179302	0.5123206565	1.718847704	0.3319968639	1.587759617
	0.423370948	1.585540648	9.266355172	2.272727239e-44	-1.569091588e-44
	1.906044437e-44	-5.594977955e-45	6.743254386	4.962052846e-44	-1.142091987e-44
	7.111388263e-05	0.3655279739	0.0007251869827	0.3665829792	0.0006948737097
	0.2693040307	-0.0005199392343	0.3987473236	3.114763221e-44	2.51176154e-45
	6.999756646	0.3301516685	1.763228269	0.2301790814	1.692197132
	0.2068269744	1.394755313	0.1254732841	1.276136962	0.1707005082
	1.485623005	0.1039951828	1.054129871	0.04584205615	0.8736475906
	0.09141898567	1.17475198	0.2578356004	1.586943855	8.558197845
	0.1490087638	1.169136945	8.077893474	0.06925202438	0.9387906783
	7.699862325	0.01400548303	0.6713432103	0.004820650749	0.6214225549
	0.01965385959	0.9078463483	0.0647529331	1.11541724	0.0372303392
	1.040565453	0.03036953955	0.8158511668	7.462864055	0.005545114517
	0.5325926047	7.20008685	0.5421603013	1.959584689	0.642694419
	1.875464488	0.4784218817	1.864445045	0.576439298	1.817542579
	10.03982417	0.6777945099	1.907309369	10.87551866	0.6120089791
	2.017153585	0.5915242835	1.995813321	0.6980261827	1.904567375
	0.04194686275	1.361526777	0.0349313702	1.304897209	13.22928664
	0.08363593508	1.447841891	0.009294577921	1.17039622	0.6120468001
	1.814876273	0.5982405184	1.749998538	12.61309843	0.4802359802
	1.781996069	0.5018069164	1.858300935	0.6983575795	1.891780044
	11.54983457	0.6165383356	1.882694709	12.02947048	0.5945656511
	1.996068828	0.5044504764	1.927389654	0.6246684533	2.000103939
	0.6628877851	1.893965594	0.5571803346	1.972924161	0.1488669631
	1.565465418	12.97905445	0.09519963101	1.51969491	0.3837287415
	1.844583378	0.1678908262	1.660420406	0.3654034856	1.768325476
	12.64445526	0.2482729315	1.687435049	0.2732580244	1.791711577
	0.01242295129	1.212293861	-1.567899347e-44	  1	13.32390285
	-2.502580696e-44	  1	2.365939807e-44	1.962244958e-45	-0.1337338249
	0.3032098716	1.20959631	-0.1703889792	0.4149663645	-0.2082472795
	0.3432348409	-0.09890586875	0.1813775309	3.38496503e-44	7.431472735e-44
	-4.655502773	-0.1902536437	0.243596915	-0.1350761746	0.1056304925
	-2.081034582e-44	-4.061228709e-44	-0.09977967949	0.03976961735	-1.506004774e-45
	1.770664474e-44	-12.83214882	-1.489673893e-44	1.196911078e-43	-0.05621348824
	0.005777821991	9.024231889e-44	7.610213107e-44	-0.03132194629	0.004944803581
	-0.03620790995	0.003685047872	2.388706499e-44	8.104553368e-44	-6.72078293
	-0.02478758558	0.003938428664	8.324776468e-45	-3.086726401e-44	-5.183424037
	3.212725081e-44	4.890716576e-45	-5.927088406	-0.01148872956	0.0008681528738
	4.921993185e-44	-2.353749762e-44	-0.01302256191	0.001154746494	-0.01565773282
	0.001843550207	-0.08259548084	0.4710197131	-0.1161428817	0.4974975082
	1.438800055	-0.1342858429	0.5762083596	-0.1661627194	0.5814412559
	-0.2116763754	0.5842672728	-0.1570153522	0.5056640687	-0.1023603422
	0.5531026751	-0.06018934816	0.4478829715	2.044968208	-0.0468623866
	0.4406633848	-0.08518445305	0.5564081067	-0.03800899614	0.4371125557
	2.288873691	-0.06838561302	0.5482354751	-0.05507173695	0.5468238974
	-0.02391064394	0.3956923722	-0.002599770787	0.1748062414	6.219782726e-44
	-3.085942738e-44	2.012098054e-44	-1.827911273e-44	2.929311203	-0.001907398516
	0.1680359092	-0.03697850841	0.5047431758	-0.01576833478	0.3616841587
	2.571043384	-0.03072587393	0.5152218439	-0.01140629401	0.3457672712
	-1.384398505e-44	-1.197382017e-44	-0.001149898605	0.3812135227	1.925912731e-45
	-7.249282562e-45	6.232740481	-0.0007395575156	0.4002290907	-0.2502614606
	0.5727727057	-0.2381589407	0.4438451482	-0.2830054248	0.5285259791
	-0.2077892318	0.5089846208	-0.3631831002	-0.3145835045	0.5879974677
	-0.003111292967	0.7470958997	0.3887644554	1.901242529	9.203226751
	0.2902680779	1.853598345	0.4576572452	2.006094046	0.3259778786
	2.019420683	-0.003515393056	1.054763363	0.01563800924	0.9830220363
	0.009941752262	1.112768425	0.0008599361588	0.735358357	-0.001267751114
	0.7649181365	6.609805045	0.003803542039	0.7088631075	7.020919228
	0.003109285276	1.133404691	0.1573454689	1.605466515	0.2459122248
	1.981301794	0.06716443141	1.31036646	0.2053705841	1.792597499
	8.349797585	0.1111906237	1.646676637	0.1478118647	1.827837158
	0.1077960595	1.384026334	7.881980888	0.02691762461	1.353871932
	0.07293938256	1.58818829	0.04029669908	1.24495708	7.423995771
	0.5249052833	2.082211506	0.3835786132	2.109179264	0.422685894
	2.180507015	0.5025988962	2.072082202	10.01389255	0.5350951486
	2.096144712	0.448826944	2.171851718	0.4487513299	2.188158174
	0.5441363824	2.095260475	10.8031999	0.10702976	1.608964074
	0.04834140138	1.424161181	12.6340764	0.05862772476	1.516163808
	0.01302316176	1.242527437	0.4282217928	2.137224602	0.4468653368
	1.993398377	0.3245394789	1.99633147	0.39492841	1.924690912
	12.04479619	0.4902765305	2.051157229	11.41989968	0.3638072541
	2.079465578	0.2827968128	1.868905419	0.1829559769	1.762450396
	12.22125579	0.1210673746	1.713584624	0.2209121973	1.901608474
	0.01850995632	1.321074862	-9.717273996e-45	  1	12.65130843
	-1.092796471e-44	  1	-0.1469775436	0.06384204344	-0.1965075791
	0.1444590829	-6.153473762	-0.2683849073	0.3681241357	-2.683817031
	-0.3081058183	0.4591183448	-0.2230298784	0.154794097	-0.3231008043
	0.3649143972	-0.241486857	0.2515005366	-0.2921652808	0.2660425791
	-0.009696313791	0.0006753918092	-0.01127177189	0.001017919484	-3.460541662e-44
	-7.484417314e-45	-1.558856908e-44	-1.127849945e-44	-4.539162154	-0.18125826
	0.09343878018	-0.04944454201	0.01052870606	-0.02730013059	0.004235402088
	-0.03015101028	0.00467287376	-0.02650395654	0.003867163228	-4.657135232
	-0.1815655155	0.08959025306	-0.1307672462	0.04936055465	-0.1053475849
	0.03421225602	-0.04687606716	0.009228465827	-0.1083460462	0.03397466986
	-6.142193939	-0.06429430692	0.01537658454	-5.883167173	-0.0835124402
	0.0229499125	-0.05684775481	0.01263307002	-0.08358342416	0.02340044518
	-0.03446174162	0.005745498095	-5.24037101	-0.009513573099	0.0008078419304
	-0.009260718889	0.0008219597573	-3.023874021e-44	6.347896996e-45	-1.712301972e-44
	1.077022049e-45	-4.032217	-0.2497599551	0.6445085017	-0.2887035749
	0.7003432149	-0.31677981	0.682229258	-0.3400760355	0.6464820986
	-0.2858621608	0.6314342352	-0.6299466291	-0.1269119596	0.6522730057
	-0.1726355648	0.7332961319	-0.1986869264	0.7299623528	-0.1800988434
	0.6527887338	-0.2299252288	0.729988205	-0.2553249461	0.7123428391
	-0.150986344	0.6496540995	1.026959192	-0.2144514854	0.6541392625
	0.3321980148	-0.1365093221	0.771258579	-0.1082810913	0.6555410076
	1.549991312	-0.148543559	0.7368783881	-0.08697258475	0.6506644091
	-0.1129183516	0.7670413227	-0.07164610919	0.6486847533	1.944427522
	-0.09367922661	0.7690102724	-0.0577410871	0.6518328018	-0.02267914663
	0.4953004198	3.79240345e-44	4.288299883e-45	-0.0022754257	0.2229062533
	-0.008830010235	0.3856680863	-0.01998611358	0.515288843	-0.001470401649
	0.1641693346	-0.008437605513	0.3334700021	2.692400904	3.54306548e-44
	-7.759564179e-45	3.003164146	-0.04057655923	0.6709063633	-0.07111108743
	0.8201472946	-0.04809908519	0.6585701912	2.222887698	-0.07675918265
	0.7707310733	9.514822721e-45	-5.285177182e-45	3.144639168	-0.001844586844
	0.2191225116	-0.002673487722	0.2906731369	1.359481165e-44	-1.696474986e-45
	-0.002249989594	0.2865308553	1.964238095e-44	-7.311799228e-45	8.893616419e-45
	-4.921132576e-45	3.392782169	-1.371491523e-44	-2.342303728e-45	5.274514334
	-2.183074069e-44	9.018111043e-46	-0.001338077609	0.3859846466	-0.001243290651
	0.3966318728	-0.002458190716	0.3922356541	-0.001887276134	0.3870853254
	-3.245784567e-45	4.130081619e-45	-0.001623051032	0.2819377764	-0.0017053477
	0.4021611352	3.090938343e-45	-5.873917046e-46	3.799879841	-6.800426764e-45
	1.197213491e-45	4.369185704	-0.004115972863	0.7326210123	5.795617816
	-0.004865378799	0.7464712886	-0.00652419511	1.040016632	-0.008729309576
	1.055371445	-0.3401309907	0.5416096639	-1.73206119	-0.386043944
	0.5799801105	-0.3633533268	0.6024536758	-0.3541937789	0.4528375816
	-0.3837290771	0.6593970153	-1.334144917	-0.3963416715	0.7292507283
	-0.4051555749	0.6371189372	-0.3649451426	0.6952844572	0.3228503514
	2.218703203	-0.009185379227	1.561780489	-0.01153136841	1.329205028
	-0.006729251604	1.317171951	6.268601932	0.001124829032	1.386649287
	0.2280087764	2.262236731	0.1822797548	2.013827026	0.2726026387
	2.123317188	8.81602651	0.1747952698	2.191517157	0.02478407197
	1.78473556	0.01625600641	1.462546559	7.010755285	0.1052633817
	1.867892463	7.803859622	0.0007314622253	1.623269469	0.04923702546
	1.673714409	0.1100556387	2.0928642	0.06235296842	1.952864716
	0.01806950344	1.357523706	0.2592255961	2.312842129	0.2589862548
	2.323196757	0.2647864591	2.278589492	0.3596584439	2.209875933
	10.56038453	0.3497506621	2.260899069	9.683010229	0.3102977976
	2.142821455	0.3654216215	2.251576577	0.06725787653	1.614902497
	11.74720867	0.050068716	1.608571519	0.2301823072	2.19587093
	0.2492402045	2.038969476	11.23309869	0.09787630223	1.829360429
	0.1501365932	1.862990393	0.1775782571	2.057563438	0.01047597733
	1.305934565	-9.151617859e-46	  1	11.72578206	8.889922439e-45
	  1	-0.2483588859	0.170939739	-4.470991846	-0.3087435023
	0.2681148422	-0.3125097311	0.2463970017	-0.2438731406	0.1559712186
	-0.4143486886	0.4885600499	-0.3594599417	0.3355680066	-0.3551474251
	0.3737766956	-2.843268625	-0.3938451759	0.5001449484	-0.02565696482
	0.004129117141	-0.0497973329	0.01137640428	-0.048588449	0.01053103788
	-0.02788180228	0.004541556075	-4.223327416	-0.2424887751	0.1450118207
	-0.1906672619	0.09546340458	-0.2391939943	0.1455693759	-4.241487493
	-0.304743177	0.2272044863	-0.1494527348	0.06258150589	-0.1990891852
	0.1019449254	-0.07645374977	0.02156364971	-0.07840894546	0.02176676233
	-4.521451859	-0.1468349825	0.06036272219	-4.579290622	-0.1150631645
	0.04089123417	-0.1085738501	0.03675265243	-0.04550378654	0.01010489865
	-0.007841563494	0.00064057537	-0.01233398371	0.001577910034	-0.02965674017
	0.005646652803	-2.494753753e-44	1.342656706e-44	-0.02377852591	0.00385302176
	-3.79423268	-1.611727126e-44	5.370070307e-45	-3.622388657	-0.2915766441
	0.7652414629	-0.1400520077	-0.3195189565	0.8399090499	-0.2668033924
	0.7841749264	-0.3181557655	0.7484516876	-0.3440054572	0.7301543368
	-0.7104006108	-0.3779128984	0.7635948438	-0.3437891702	0.8228936183
	-0.3764374631	0.8537628957	-0.2312541133	0.9083044342	-0.1744415376
	0.8443239964	-0.2157988258	0.8070518739	-0.2962399732	0.8589301981
	-0.2560223888	0.9022610829	-0.1910704495	0.8113724294	0.903379354
	-0.2434537182	0.8014980819	0.400843199	-0.1521363406	1.006563684
	-0.1770285998	1.004369883	-0.134740913	0.8779598007	-0.1021305534
	0.923826662	-0.2121925097	0.9402883498	-0.1611731043	0.8770477715
	1.265025205	-0.1140189927	0.8801764191	1.69752371	-0.05992447273
	0.8289756419	-0.04630170793	0.8446996406	-0.008976046185	0.4988144364
	-0.02847433928	0.7259494911	-0.01876227449	0.5597176091	-0.03494448488
	0.6857985417	2.447842404	-0.009169960083	0.4364783455	2.82640007
	-0.1350259462	1.046204912	-0.07095633938	0.9767988388	-0.1171444984
	1.12005954	-0.09324121984	0.9679926847	2.004336134	-0.02481146837
	0.7755185361	-0.009655323994	0.6570637771	-0.02846016647	0.9288805727
	-0.009361767439	0.5599598004	3.128683537	-0.005753094359	0.7625280426
	4.583395309	-0.01384657093	1.073522504	-0.007438122476	0.7548663324
	-0.01919341353	1.075048008	-0.01053957793	1.072425975	-0.01018396368
	0.7506576999	3.611336076	-0.02507460782	1.00699551	-0.01551701364
	1.573072851	-0.01877684496	1.347618077	-0.0149445993	1.345787056
	5.27843133	-0.02252444864	1.591362216	-0.4480860648	0.8173723967
	-0.4161678168	0.8743078951	-0.444607332	0.5984789582	-0.4548729233
	0.7335178959	-0.4225882665	0.6168813661	-1.725835455	-0.4177568387
	0.7069297242	-0.4073426897	0.7950811182	-0.8926292651	-0.4550614814
	0.8940402906	0.145093921	2.318024882	0.1820596052	2.350614829
	8.696521541	0.1885556653	2.362481742	0.1064542239	2.396213084
	0.00295790051	1.911865079	-0.02215040952	1.786973691	-0.01173962144
	1.775855019	6.170862055	-0.01658413359	1.972179376	0.08003025462
	2.375957168	0.06392162799	2.159673596	-0.002573746704	2.08237334
	0.0462573551	2.30222677	0.1054707032	2.255271307	7.896711675
	0.02042632156	2.220736333	0.03108989449	2.038915206	7.102659375
	0.07268899014	1.829724131	0.03529627332	1.584283984	10.89427077
	0.008439245954	1.332722747	0.0304634433	1.67765972	0.1790055111
	2.315564445	9.449576909	0.1519857114	2.201553859	0.1137705172
	2.385697273	0.0772191619	2.149028619	0.1151781774	2.032848975
	10.27489548	0.05882821718	1.930872058	0.092575435	2.302554525
	1.155683887e-44	  1	10.4338467	0.007512355047	1.40858095
	3.081165299e-44	  1	0.04848489606	2.364271684	-0.01023976135
	0.001256837862	-0.008454935686	0.001033567392	-1.75402101e-44	1.758821623e-44
	-1.279045129e-44	9.072128129e-45	-3.234029581	-0.3032909136	0.2178635998
	-0.4758368473	0.7127296689	-0.460360276	0.5358873006	-0.4179321433
	0.4468922387	-0.4129050506	0.4070002669	-0.3502963061	0.2835968698
	-0.3587874918	0.3109983666	-2.99449225	-0.4607439846	0.5857380901
	-1.856992759	-0.4969520932	0.6960055711	-0.07493204184	0.02162681589
	-3.837657961	-0.05160596157	0.01243592186	-0.1034225074	0.0362235368
	-0.1092064806	0.0382907086	-0.2459036113	0.1466391012	-3.615187149
	-0.2980009198	0.2056834036	-0.236811347	0.1360954701	-0.1962510137
	0.09900762578	-0.1517343438	0.06465171179	-3.833626085	-0.1926283174
	0.09613799458	-0.1405865421	0.05793113179	-0.07562991693	0.02288169239
	-0.03520489861	0.007480750036	-3.421160837	-0.06465544961	0.0187646259
	-0.02904327665	0.006008949824	-0.2854978129	0.1882127479	-0.2222151136
	1.060391206	-0.3433969441	0.9093584909	-0.1256061935	-0.4235713343
	0.9492152138	-0.4829829879	-0.4467634749	1.022394227	-0.3033239939
	0.9549541308	-0.3696583276	1.043048464	-0.4064168684	1.06049777
	-0.3861411969	0.9305399626	-0.2665508906	0.9961993455	0.6050816608
	-0.3334510119	1.086529521	-0.2884069259	1.124503507	-0.1895167385
	1.121554608	1.33985967	-0.1597447614	1.189740038	-0.2223057087
	1.305999605	-0.2462320759	1.186647406	-0.02869599456	1.982812588
	-0.1901160622	1.368999103	-0.1438518381	1.428805377	-0.05561173685
	1.125614884	-0.1024510876	1.313943366	-0.0914807477	1.127502563
	-0.05647200635	0.9911045444	2.471995728	-0.1385213793	1.258344201
	1.86683535	-0.03705441373	1.301372989	-0.0922246992	1.423166835
	-0.04542239856	1.79956216	-0.04264099621	1.977553461	-0.0490683486
	1.595215392	-0.05446748309	1.252513121	2.86577138	-0.03002719721
	1.598355639	-0.02769544939	1.357657816	3.886062536	-0.07021010208
	1.556118242	-0.03205921991	1.806371234	4.739371902	-0.4805284367
	0.8393770988	-1.040110501	-0.475773889	0.9691893255	-0.5050689954
	0.9536036332	-0.5066153095	0.8153259186	-0.4980052867	1.073825588
	-0.4664272962	1.090876607	-0.3199384899	-0.4295785874	1.128380994
	-0.4735213497	1.203534419	-0.5296580612	0.9282482887	0.03039265663
	2.401766343	-0.001176850587	2.423591412	0.05341474884	2.416050874
	7.70471566	0.01960413101	2.407977808	-0.02198871165	2.13300666
	5.851629497	-0.01523264054	2.399726323	-0.009866130441	2.254153045
	0.008929518358	2.344753473	6.788526104	-0.02478899042	2.339806469
	-0.03397360839	2.252114227	-0.03666593869	2.122607369	0.005108345419
	1.429599573	0.0231150238	1.759516082	9.193812791	0.03369059269
	2.022850276	0.008452977647	1.771793411	0.01692605706	2.311239626
	0.009843399545	2.036208003	0.004329122314	2.183741071	0.03709968596
	2.22440489	8.141576401	4.920753634e-44	  1	0.0005446932604
	1.416447858	1.788057146e-44	  1	8.425863442	-0.002478855304
	2.369929176	6.693865033	-0.01667349707	2.412930121	-0.02096854894
	2.343087137	-0.009248961561	2.268740159	-0.05434515318	0.01517499405
	-0.02432999932	0.004978423213	-2.966363586	-8.939052072e-45	8.808784496e-45
	-2.860000217	-1.301858061e-44	1.71785207e-44	-0.004657289417	0.0007161417285
	-0.006820841627	0.0008483259446	-0.01822080153	0.003686138974	-0.04437271405
	0.01204918167	-0.003430015763	0.0006770886311	-6.245176499e-45	8.755206672e-45
	-2.478169833	-8.9194795e-45	1.461352735e-44	-0.3890423643	0.3330144398
	-0.3275112087	0.239830125	-0.4045549641	0.3726544802	-0.3428019143
	0.2649037959	-2.786434915	-0.5259627689	0.7961196012	-1.231422555
	-0.5306480594	0.7299792377	-0.4985029613	0.6446608605	-0.5461194859
	0.8788490635	-0.4561244181	0.4945600493	-2.041468345	-0.4424399893
	0.4392725754	-0.4964118264	0.5882714591	-0.5523571522	0.8128386878
	-0.1318382718	0.0532422004	-3.319188511	-0.2745170455	0.1747701215
	-0.2298778714	0.1293253101	-3.13328848	-0.1124477109	0.04252649127
	-0.1779644434	0.08506326797	-0.1804019408	0.08822002006	-0.2266724785
	0.1268377368	-0.07911913768	0.02691088417	-0.0970305706	0.03488835877
	-2.955535007	-0.1319175316	0.05606811158	-0.1572047881	0.07187006054
	-0.3732134717	0.3028773904	-0.3354743618	0.2469429235	-0.2670194819
	0.1670163372	-0.3145666479	0.221322316	-2.552370709	-0.1096632108
	0.04398781395	-0.05083460696	2.246497138	-0.3050182271	1.242438189
	0.7360953379	-0.2720535962	1.358979549	-0.3860853825	1.354872464
	-0.3488516289	1.392533276	-0.4387010685	1.239456676	-0.3892393315
	1.163926252	0.1702999098	-0.3458010704	1.205227982	-0.4286270118
	1.419480081	-0.2458782321	1.46744675	1.34788796	-0.1877013795
	1.525002976	-0.2771027531	1.644602684	-0.3124122973	1.500326592
	-0.08452324538	2.128852579	-0.05558675413	2.120313967	4.163052458
	-0.06556185749	1.975943464	-0.07718208751	2.24599757	-0.2182403779
	1.700003912	-0.1094363136	1.992707542	-0.1774885071	1.771403392
	-0.1459370069	1.580689025	2.152102522	-0.1271088422	1.870340599
	-0.1038578138	1.694674041	-0.07959303825	1.805178533	3.176937298
	-0.5467340115	1.004955458	-0.534284204	1.276779746	-0.5037307589
	1.185740573	-0.5733260118	1.108024264	-0.5543465419	1.158248291
	-0.5245062711	1.057696045	-0.5762993953	-0.4781677255	1.307036859
	0.03837012444	-0.4847369678	1.430177414	-0.5628264799	0.9561434982
	-0.8528009262	-0.57632015	0.9141967848	-0.536197146	1.399044836
	-0.03233923909	2.3944333	-0.06555545693	2.335171749	-0.03776231903
	2.395688416	-0.02995481146	2.420215128	5.59776448	-0.04756307797
	2.414472217	-0.04514313741	2.338820915	4.85481949	-0.05980883265
	2.398470098	-0.0008203153979	1.416368306	-0.0009554059795	1.760772102
	7.046454652	-0.006320671864	1.79024083	-0.004731751248	1.954616617
	-0.01285997745	1.974470441	-0.01977750173	2.222784242	-0.01090908486
	2.113559348	6.143376118	7.145478074e-44	  1	-0.00216474425
	1.452978045	3.125379272e-44	  1	6.311587183	-0.02035917642
	2.103535107	-0.04879385607	2.374112156	-0.03053855928	2.303195749
	4.948929321	-0.03922542633	2.249226242	-0.02377350822	0.006434397
	-0.001825180876	0.0004239911603	-0.04739861739	0.01439367152	-0.03482505377
	0.009179126614	-0.0970689264	0.03799462601	-0.0657792868	0.02147657647
	-2.50571626	-0.01369826179	0.002967537792	-2.50446072	-5.53397801e-45
	7.141891324e-45	-2.119655624	-0.007168078	0.002008963852	-6.870389672e-45
	1.112836848e-44	-0.4273846186	0.3966243253	-2.078743938	-0.5292566119
	0.6736119268	-1.446709946	-0.5602421577	0.7796276614	-0.4848387375
	0.5298442516	-0.5143535721	0.5893448765	-0.4645010213	0.4629484678
	-0.3892392202	0.3243682061	-0.5492737347	0.691383825	-0.5902227955
	1.062135481	-0.5845295955	0.8785992477	-0.9612933613	-0.5872896774
	0.8260232995	-0.610335815	0.9959175448	-0.2150884287	0.1213001535
	-0.1438629939	0.06654313319	-0.2246577501	0.1263534066	-2.569293335
	-0.1642161545	0.07947037151	-2.412714874	-0.2909938301	0.193455749
	-0.2454515929	0.1474243125	-0.191960246	0.09956085539	-0.3535729342
	0.2703193461	-2.09537176	-0.3756373822	0.300491473	-0.4294654962
	0.3888911347	-0.3029048707	0.2076708745	-0.1907596319	0.1022696516
	-0.1279246372	0.05748677057	-2.058545811	-0.07341810349	0.02673898565
	-0.152481612	0.07572388861	-0.1203234893	2.248278375	-0.1351636261
	2.337299646	-0.1023787323	2.329617365	3.313235353	-0.08945958204
	2.389412636	-0.4529568171	1.716463027	-0.4873035007	1.541307563
	0.3732767904	-0.4079945557	1.713455631	-0.3801474533	1.522635836
	0.7391818602	-0.4375839559	1.534892425	-0.5210868771	1.584718875
	-0.3350805161	1.665783148	-0.2969851772	1.793778406	1.393558965
	-0.1629118472	2.266330372	-0.2438328965	1.864564385	-0.2029858245
	2.15471694	-0.166543549	2.040666081	-0.1386254818	2.13802801
	2.746002392	-0.2015996372	1.929118497	2.059947859	-0.2956639787
	2.001263574	-0.2483756847	2.061071064	-0.3616298979	1.837193986
	-0.6097158111	1.167897398	-0.6012797435	1.366568556	-0.5651478381
	1.449255847	-0.5757861421	1.248485265	-0.29668622	-0.5459660684
	1.622681227	0.3286494367	-0.5848987055	1.543493323	-0.5378556152
	1.745147263	-0.4842975125	1.750179135	-0.1142518889	2.384511318
	-0.07489758414	2.399387622	3.68970128	-0.06499112752	2.331221583
	-0.10505395	2.372084702	7.165026208e-44	  1	-0.02469674939
	2.026817322	-0.003238946426	1.381038376	3.807088588e-44	  1
	4.443937831	-0.01072813577	1.808594903	4.846239765	-0.003342654636
	1.442671757	-0.01350145014	1.747858768	-0.08670811245	2.28187783
	-0.03329384268	1.962557495	-0.04966078666	2.181007	3.47080347
	-0.06613895213	2.137720546	3.18620366e-44	  1	2.845982333
	-0.004573611275	1.365408533	5.770697151e-44	  1	-0.0304775226
	0.009531352141	-0.003543002142	0.001195211726	-0.03424969932	0.01023785327
	-2.080798506	-0.09715817802	0.04103220223	-0.003817730615	0.001563242562
	-6.205787829e-45	9.110057479e-45	-4.959898491e-45	5.73529295e-45	-1.730718498
	-0.08397188685	0.03488819892	-0.4441279969	0.4116117388	-0.5473713251
	0.6571168044	-0.5123480164	0.5515641963	-0.4950460635	0.5234124849
	-1.540814287	-0.613926094	0.9406194967	-0.6108007164	0.8603101846
	-0.5582620517	0.67117384	-0.5861813437	0.7839734578	-0.9702891482
	-0.6446341899	1.182815012	-0.6327587959	1.002740012	-0.6289190864
	1.290782364	-0.6281781197	1.10079179	-0.5314417006	-0.2618705403
	0.1661567383	-1.876314614	-0.3396310647	0.2560251158	-0.3990315618
	0.3361419171	-0.3279780471	0.2390170312	-0.466919398	0.4514149386
	-0.3942948033	0.328241653	-1.625633159	-0.2123299093	0.1216247907
	-0.2427550018	0.1540378483	-0.1410340871	0.0712673881	-0.2872808126
	0.1967120541	-0.174085805	0.09316331357	-1.657228108	-0.2229695713
	2.261586966	-0.1744093831	2.334799436	2.479686001	-0.2250535356
	2.314956734	-0.1626245865	2.356967022	-0.418077757	1.866276462
	0.9593167615	-0.3450032897	2.025413726	-0.4793920763	1.860591294
	-0.4180060505	2.016478855	-0.281965382	2.153153671	1.742624459
	-0.3467138884	2.14313164	-0.2873288447	2.245310947	-0.6148811695
	1.467001652	0.02448221653	-0.6226139074	1.545294057	-0.6416402099
	1.354374828	-0.574794266	1.670439279	-0.5237687138	1.846741882
	0.615327996	-0.462267696	1.996912202	-0.581609733	1.725858728
	-0.5221678608	1.908316267	-0.1806584463	2.258920239	-0.1158865364
	2.228600256	-0.1423389288	2.323221982	2.441070012	-0.2007301015
	2.318206358	-0.1409507289	2.155639534	-0.01698465742	1.67912835
	3.045104952	-0.005640343484	1.348096664	-0.02441533537	1.654516038
	-0.04349382543	1.915603962	-0.08571865771	2.079882294	2.297172618
	-0.1009100658	2.007659198	-0.05967844034	1.867660052	-0.008874355202
	1.33699615	2.775846531e-44	  1	1.757378995	4.9983666e-44
	  1	-0.06836021367	0.02748206748	-1.148404014e-05	0.0008074259199
	-0.001455891932	0.00173352647	-2.990390201e-45	6.860818428e-45	-0.02829856612
	0.009685424622	-1.627708163	-0.02918319821	0.0109426971	-3.466517018e-45
	4.663628249e-45	-1.337251055	-0.2034713701	0.1207818005	-0.1493352824
	0.07992243138	-0.06307591429	0.02563387321	-0.1162518208	0.05564830676
	-1.390777985	-0.5872166737	0.7546914334	-0.5608989617	0.6686499423
	-0.4640685947	0.4467091346	-0.5258689482	0.5783902084	-1.097519067
	-0.6067845401	0.8254063168	-0.649610259	1.080949421	-0.6273162827
	0.9277686289	-0.5746472523	-0.6474234518	1.09043216	-0.6589136414
	1.227450034	-0.6447983715	1.441070885	-0.6538349781	1.254301772
	-0.2335045946	-0.4022812241	0.34539413	-1.219754764	-0.3478493936
	0.2726776416	-0.509250686	0.5429434225	-0.4527382518	0.4353321147
	-0.3428710627	0.2768434833	-0.403488152	0.3573040768	-0.2326163525
	0.1507266797	-0.3015234028	0.2196734384	-1.133426357	-0.2719160724
	2.274031593	1.685536745	-0.2468494037	2.24654958	-0.4003858436
	2.116270759	1.170787127	-0.3336462918	2.213971366	-0.3325919607
	2.197479201	-0.4010129946	2.129548546	-0.4615232863	2.035892642
	-0.5468951608	1.852243676	-0.6202707684	1.609500884	0.222408402
	-0.65246225	1.399315529	-0.5703692203	1.79787737	-0.6001384635
	1.699456928	-0.4449948572	2.05125111	-0.5092887743	1.949639105
	0.7006554296	-0.211601914	2.174896666	1.541960855	-0.1612235554
	2.070176319	-0.2912515969	2.169361849	-0.2178871431	2.067208211
	-0.1125256942	1.923576463	1.447061024	-0.03287192774	1.616786922
	1.734171548	-0.04294850623	1.600658945	-0.08300907863	1.752581182
	-0.1584883241	1.954422401	-0.06679803155	1.793691183	-0.009634285953
	1.311702323	2.349124408e-44	  1	0.9757225469	3.804385832e-44
	  1	-0.01379814044	1.321701024	0.002553845312	0.0006897759268
	-1.730564054e-45	2.600950346e-45	-0.9691503475	0.002995835591	0.0008137485062
	-6.304602279e-46	2.413942758e-45	-0.6352244239	1.513766352	-0.1763569926
	0.105499892	-0.03051259231	0.01184564332	-1.160786765	-0.09253782148
	0.04333452108	-0.2769661785	0.2019071154	-0.1786416419	0.1048074764
	-1.035579116	-0.0241513838	0.009652698616	-0.0998530282	0.04903839954
	-0.5824531409	0.7448016145	-0.6059623889	-0.5417491159	0.6638919046
	-0.6342903885	0.9761600683	-0.6225110694	0.968156552	-0.6454532119
	1.283143266	-0.6550658092	1.207620725	-0.1626573343	-0.4284782436
	0.4081771283	-0.5363226635	0.618446889	-0.488031377	0.5141201407
	-0.6933866192	-0.5811227872	0.7712454805	-0.3919695349	0.3725077702
	-0.2615835209	0.1903249429	-0.3724547895	0.327539563	-0.7271477948
	-0.4904750419	0.5473139816	6.065865663e-46	-6.209621989e-45	0.006607851955
	-0.0001338907693	0.006331104354	-0.0004457026795	-6.132429981e-47	-9.163873973e-46
	-0.6326957552	-0.4836837517	1.962224019	-0.2947280918	2.067771957
	-0.377692452	2.107275889	1.021540322	-0.3953454132	2.013089059
	-0.6154526381	1.546364222	-0.5498805601	1.716912544	-0.5681879217
	1.759840551	0.4245201106	-0.4863146253	1.878605709	-0.3017781554
	1.972208691	-0.1210061853	1.801381724	-0.01431348892	1.288888749
	-0.230320858	1.890876876	-0.2087848408	1.951616049	0.9830105252
	-0.05280678168	1.571796253	0.9567434485	-0.06686999405	1.564916875
	-0.1408011619	1.755960994	2.163395215e-44	  1	-0.02224174487
	1.316569045	1.496021588e-44	  1	0.4320750884	-0.01406838719
	0.005137425101	-0.07988250317	0.03791653168	-0.02080382607	0.008184809002
	-0.7961604832	-0.07775710362	0.03782221469	-0.6272595896	1.342388279
	0.06009124864	-0.6218470673	1.062780333	-0.6029877272	1.264079941
	-0.5874322473	1.534308216	-0.1741065732	0.1077792691	-0.7441697135
	-0.1536529386	0.09616073373	-0.2938530122	0.2366846453	-0.2624291145
	0.2096565807	-0.5707256084	0.7975174381	-0.2906940591	-0.5266927526
	0.7442380395	-0.4901923845	0.5759309394	-0.5926719422	1.025231217
	-0.4601230822	0.5699409291	-0.4037641928	0.4120289177	-0.4338150955
	-0.356845978	0.3538959728	-0.05734750975	0.02588186804	-2.568759683e-46
	-4.75954093e-45	-0.3910746685	-2.29559744e-46	-5.460344389e-45	0.004850837136
	-0.002009737047	0.007840801388	-0.001556687462	-0.01199714	0.002155343246
	-0.05466045877	0.02497370553	-0.01149362889	0.00311943901	-0.5132136806
	-0.154475059	1.714034038	-0.5686287893	1.437167588	-0.4273784447
	1.706794557	-0.3187687785	1.89107268	-0.4674756897	1.812860895
	-0.209918186	1.715727995	-0.395002123	1.919598034	0.650053581
	-0.4859827848	1.631352854	-0.2938414518	1.760253657	-0.3697845314
	1.791857141	-0.5214809541	1.676033613	0.359633042	-0.2443058537
	1.824466793	0.6110783921	-0.5296620266	1.427837638	-0.06285292632
	1.422792704	-0.02089577284	1.274112987	-0.1285930653	1.601239208
	-0.07973509596	1.543118118	0.5081351524	6.970798342e-45	  1
	0.1014167908	4.954033307e-45	  1	-0.01381056415	1.195981202
	3.236505992e-48	-1.280771249e-46	-0.2932375762	0.004000107222	-0.005000334476
	-7.266904995e-47	-0.003429283419	-0.116698708	0.07587264879	-0.2294781333
	0.1822064134	-0.2126184558	0.1838313699	-0.1400107309	0.08852067926
	-0.4993445889	-0.5112001646	1.116483149	-0.5445185768	0.9380285378
	-0.5217274888	1.29910959	-0.5695760558	1.203749335	0.06996126819
	-0.3179157004	0.3143719128	-0.2982635882	-0.4848039284	0.713174061
	-0.1089636903	-0.2810689301	0.2948448065	-0.3708002317	0.4840483909
	-0.4284152649	0.661499287	-0.4109046414	0.4932690717	-0.4879617128
	0.9086301295	-0.1003715319	0.06714617348	-0.318566359	-0.01160305542
	0.0001665155958	-0.330720486	-0.01001705153	0.001645032223	-0.06432955902
	0.0563015161	-0.04222954681	0.01832196505	-0.1205195926	0.1190527413
	-0.1741573836	0.1558805166	-0.2511388418	1.666500608	-0.1010370806
	1.475948927	-0.1551630076	1.50587419	-0.175281645	1.613118248
	0.3298763227	-0.46739723	1.201098124	-0.2204212756	1.550857916
	-0.3929593258	1.643557519	-0.4622138957	1.359129241	0.1888396828
	-0.3787361119	1.470161752	-0.4489154619	1.584334794	0.2675140899
	-0.3301563859	1.511915899	-0.3292320191	1.674621369	0.3375766222
	-0.4618073329	1.467409115	-0.3854614412	1.3852443	-0.04603200144
	1.320326801	0.1037962733	-0.0898319295	1.392485102	-0.009494249194
	1.126277801	-0.01139374652	1.159664263	-2.814173299e-45	  1
	-0.1159410777	-1.049389934e-44	  1	6.749325152e-47	0.009185075399
	-0.2516231171	1.502081085e-46	0.08169298811	-0.03834366469	0.05646639489
	-0.1758816215	0.2157746044	-0.2478347382	0.2859823455	-0.1390155069
	-0.3209542666	0.4420941522	-0.2735039054	0.445087643	-0.4515248006
	1.055744837	0.0853752668	-0.4290615547	0.8279564531	-0.3760114111
	0.6293863827	-0.001540340735	-0.3153198498	0.5971803399	-0.4023030195
	1.255253008	-0.372288306	0.8287141544	-0.3881228918	1.010540971
	-0.2014179022	0.3581446176	-0.1478064938	0.3592773266	-0.05739916004
	0.1802311579	-0.1177094495	0.1819571733	-0.08628166474	-0.3479373194
	1.174032731	-0.1348008759	1.413767888	0.1125045931	-0.114408505
	1.324193156	-0.03356626163	1.215484092	-0.2286312216	1.439072886
	-0.3095513655	1.378406405	0.137275348	-0.1892705309	1.339357125
	-0.2674967995	1.263552065	-9.63915251e-45	  1	-0.1684557853
	-1.82728082e-44	  1	-0.03060636183	1.175516923	-0.07603929286
	0.344968345	-1.931720269e-46	0.2115584108	-0.005528830877	7.674142395e-47
	0.3885596139	-0.02215434027	1.124150153	-0.2370702146	0.7903059211
	-0.1994020888	0.5471471302	-0.2508035811	0.944359543	-0.2589391161
	0.5844317819	0.07002667541	-0.3113644569	0.7684661538	-0.3292641176
	0.9784962915	0.09741813256	-0.2882763406	1.103426511	-0.06935517132
	0.522814423	-0.1208224625	0.6813945312	-0.1884362684	0.7348225617
	-0.1430294269	0.5351518854	0.09587665711	-0.228482178	1.180893135
	0.0748265378	-0.09660552247	1.251237486	0.01767678378	-0.1716655424
	1.250387274	-0.163632785	1.14292765	-0.1189720323	1.183994256
	-0.220355447	1.037098685	-0.06120380236	1.168489338	-8.756641545e-45
	  1	-0.1309013715	-0.01295921155	1.077832259	-1.365870083e-44
	  1	-0.06008388221	0.6635044459	-9.43719341e-47	0.5566769047
	0.1020208602	1.039380564e-46	0.725254297	-0.03979437282	1.111461042
	-0.03271723262	-0.03347537219	1.069874702	-0.07777919062	1.128912532
	-0.009010326325	1.046832529	-0.08050651164	0.9059115064	-0.1856287396
	0.9257895835	0.08503815593	-0.1623002053	1.039855652	-0.1039627131
	0.9563551622	-0.09449554218	0.7871697219	0.08682640622	-0.04088059885
	0.7971275448	-0.1444372479	0.8358449189	-0.11520144	1.109150045
	0.03148080016	-0.09003713884	1.019574572	-0.05640729559	1.067993562
	-1.008934166e-44	  1	-0.010145411	1.03619663	-5.092671032e-45
	  1	-0.07047764705	-0.0431503443	0.8931392762	-6.378932858e-46
	0.9340077916	2.913016215e-46	0.834560103	0.06858961869	-0.02665594439
	1.036228431	-0.0004173705683	-0.05581768166	0.9735918805	0.03237059797
	-0.04739550992	1.017087673	-0.01905313753	0.9981363692	-0.01378255749
	1.01125459	-0.003781801158	1.012621425	-0.02196645332	0.9557969681
	-3.277464273e-45	  1	-0.01059489624	-0.003735159826	1.006086653
	-2.07925157e-45	  1	1.386574436e-46	0.9914104951	-0.008603359284
	0.9898585002	-2.610887336e-47	0.9735682397	0.01069791323	-0.005089393885
	1.00171331	0.001277580144	-0.002573288017	0.9968872822	-0.0009195073836
	1.000985145	-0.0016140727	1.000239309	8.300245489e-46	  1
	-0.0007689468989	-4.009865423e-46	  1	-0.0002862734265	1.000425569
	-3.979576033e-47	1.000189978	-6.194350663e-05	0.9994261728	8.79249361e-48
	0.9979945573	0.003134945373	-0.0001107359363	1.000030008	-0.0002183087415
	0.0001820455665	1.000224536	-9.124358369e-05	0.999998355	-5.513294962e-05
	0.9999775327	-6.191885938e-46	  1	-6.098380597e-05	-1.787164608e-46
	  1	-2.491151901e-05	0.9999495242	-3.174856179e-47	1.000033081
	-6.367051507e-05	1.000044009	4.771235979e-47	1.000378226	-0.0002550454131
	-3.138859197e-05	0.9999508544	9.254645845e-05	8.115609735e-06	1.000012763
	2.25385626e-05	0.9999854667	-4.802909865e-05	0.9999796743	1.811198044e-05
	1.000010515	1.138854237e-46	  1	-4.06030328e-05	1.24856407e-46
	  1	4.337006991e-48	1.00001911	1.035490031e-05	1.00002394
	1.531447717e-48	0.9999856871	4.058817734e-05	1.590538574e-05	1.000023317
	-4.187648333e-05	1.628491895e-05	1.000014368	-4.175255031e-06	0.9999944804
	8.248438447e-07	0.9999947249	1.109314632e-46	  1	2.313900351e-05
	1.55004677e-46	  1	-7.733044281e-06	0.9999930122	-9.144432807e-49
	1.000004755	4.804722659e-06	0.9999961647	-3.731900286e-49	1.000008017
	1.032246569e-05	-2.505687733e-06	0.9999916549	1.032166513e-05	-1.245205e-06
	1.000001371	8.97609751e-07	1.000002137	1.071379456e-06	1.000001965
	3.034351545e-47	  1	-1.169918922e-05	9.88650745e-47	  1
	3.552259809e-06	1.000001147	-3.738844331e-49	0.9999986744	-2.336485987e-06
	1.000002906	-1.214682559e-50	1.000004521	-1.080660545e-05	1.31682527e-06
	1.000002121	-1.799992263e-06	5.668014761e-07	0.999998401	-1.244855776e-07
	0.9999995058	-2.810163366e-07	0.9999992652	9.333665499e-47	  1
	-1.137885855e-06	0.999999835	6.402584294e-47	  1	4.852298746e-06
	2.04908958e-49	1.000000663	4.154923339e-50	0.9999980511	4.284549311e-06
	1.05480879e-06	0.9999994632	-3.315858469e-07	0.9999997811	-3.520216176e-07
	-4.432758056e-07	1.000000733	3.742364211e-07	1.000000439	5.885469795e-08
	1.000000066	3.344964466e-47	  1	-1.699148739e-06	5.674909937e-47
	  1	3.022243203e-07	0.9999998837	-6.615053416e-50	0.9999998101
	-2.425238373e-07	1.000000008	7.42329772e-51	1.00000069	-1.097471745e-06
	1.466814142e-07	0.9999997946	4.490513852e-07	2.146448007e-47	  1
	5.388824714e-07	-3.37655127e-08	1.000000106	2.081242216e-07	0.9999996833
	-3.675671398e-08	1.00000003	-1.42529353e-07	0.9999998158	1.971697521e-47
	  1	1.470424495e-50	0.9999998168	1.119909109e-07	-2.171294458e-09
	1.000000078	1.370071781e-49	1.000000035	-2.182512625e-08	1.000000128
	-2.008299851e-48	  1	-2.515998334e-07	1.512358932e-47	  1
	-2.877707725e-08	1.00000018	-2.536843038e-07	7.124514749e-50	1.000000076
	4.840379367e-08	4.579913386e-08	0.9999999832	5.712785818e-08	1.000000106
	1.512558716e-08	0.9999999679	-1.952879847e-49	1.00000002	-2.064159452e-08
	0.9999999712	-3.307801774e-08	0.9999999526	6.811267067e-48	  1
	1.365376982e-47	  1	1.531507156e-07	3.062410585e-50	0.999999987
	-3.365645354e-08	-1.113395728e-08	0.9999999676	-5.01733794e-49	0.9999999798
	-1.984400004e-08	0.9999999942	-2.256025037e-09	1.000000009	-9.359315926e-48
	  1	1.687538881e-08	1.000000013	-9.628486993e-09	0.9999999275
	7.946383744e-08	-5.951196533e-48	  1	-7.822881205e-08	-7.26049763e-09
	1.000000019	-3.938198552e-48	  1	-5.805833914e-09	0.9999999969
	8.035149284e-09	0.9999999905	-3.802853184e-48	  1	3.112966854e-08
	1.462285614e-49	1.000000013	-4.460732189e-08	-9.432999146e-09	1.000000019
	2.650571676e-49	0.9999999942	6.578074789e-09	1.000000024	-1.85228857e-08
	2.599527997e-09	0.9999999987	-1.248976064e-09	0.999999999	-4.597996611e-09
	1.000000003	-1.629232957e-47	  1	1.463801249e-09	  1
	-3.609635083e-48	  1	-9.245533571e-09	-1.095729023e-09	0.9999999942
	4.856505669e-10	-7.467732695e-50	0.9999999908	2.257697968e-08	-5.098068491e-10
	0.9999999993	2.957042564e-09	1.000000001	-2.495860573e-49	1.000000002
	5.580710675e-09	0.9999999953	-1.153037229e-09	1.000000001	-5.192137733e-10
	1.000000001	1.8367087e-09	0.9999999992	2.844961704e-10	1.000000001
	2.123181644e-09	-8.272740147e-11	  1	-1.771299642e-47	  1
	-6.450795153e-48	  1	1.594070584e-09	2.648215079e-49	1.000000003
	-4.731439167e-09	-1.159818424e-09	1.000000001	-4.539096826e-50	  1
	8.748920622e-11	0.9999999993	1.518547789e-10	0.9999999998	-3.584176918e-10
	  1	-3.581593049e-10	  1	-7.179543374e-10	-4.93209295e-48
	  1	-2.901642508e-11	-1.099203049e-10	  1	1.909264618e-49
	0.9999999989	1.992094193e-09	-9.322967299e-50	  1	2.665954944e-10
	0.9999999998	-1.270294721e-10	  1	1.433845253e-10	  1
	2.209899828e-10	1.102053747e-51	0.9999999996	-1.748907298e-09	

10