  642.000000     7.703010     0.000000     1.616560 
  642.025000     7.702968     0.000244     1.616550 
  642.100000     7.702843     0.000488     1.616519 
  642.225000     7.702634     0.000732     1.616467 
  642.400000     7.702341     0.000975     1.616395 
  642.625000     7.701965     0.001219     1.616303 
  642.900000     7.701506     0.001462     1.616189 
  643.225000     7.700964     0.001706     1.616055 
  643.600000     7.700339     0.001949     1.615901 
  644.025000     7.699631     0.002192     1.615726 
  644.500000     7.698842     0.002434     1.615530 
  645.025000     7.697971     0.002677     1.615314 
  645.600000     7.697018     0.002919     1.615077 
  646.225000     7.695984     0.003160     1.614820 
  646.900000     7.694871     0.003402     1.614542 
  647.625000     7.693677     0.003643     1.614243 
  648.400000     7.692403     0.003883     1.613924 
  649.225000     7.691051     0.004123     1.613584 
  650.100000     7.689621     0.004363     1.613224 
  651.025000     7.688113     0.004602     1.612843 
  652.000000     7.686529     0.004841     1.612441 
  653.025000     7.684868     0.005079     1.612019 
  654.100000     7.683132     0.005316     1.611576 
  655.225000     7.681321     0.005553     1.611113 
  656.400000     7.679436     0.005789     1.610629 
  657.625000     7.677478     0.006025     1.610124 
  658.900000     7.675448     0.006260     1.609599 
  660.225000     7.673347     0.006494     1.609053 
  661.600000     7.671176     0.006727     1.608487 
  663.025000     7.668934     0.006960     1.607900 
  664.500000     7.666625     0.007192     1.607292 
  666.025000     7.664248     0.007423     1.606664 
  667.600000     7.661804     0.007654     1.606016 
  669.225000     7.659295     0.007884     1.605346 
  670.900000     7.656721     0.008112     1.604656 
  672.625000     7.654084     0.008340     1.603946 
  674.400000     7.651384     0.008567     1.603215 
  676.225000     7.648624     0.008793     1.602463 
  678.100000     7.645803     0.009018     1.601691 
  680.025000     7.642923     0.009243     1.600898 
  682.000000     7.639985     0.009466     1.600084 
  684.025000     7.636990     0.009688     1.599250 
  686.100000     7.633940     0.009909     1.598396 
  688.225000     7.630836     0.010130     1.597520 
  690.400000     7.627678     0.010349     1.596624 
  692.625000     7.624468     0.010567     1.595708 
  694.900000     7.621207     0.010784     1.594771 
  697.225000     7.617896     0.011000     1.593813 
  699.600000     7.614537     0.011215     1.592835 
  702.025000     7.611131     0.011429     1.591836 
  704.500000     7.607679     0.011642     1.590817 
  707.025000     7.604181     0.011853     1.589777 
  709.600000     7.600641     0.012064     1.588716 
  712.225000     7.597057     0.012273     1.587635 
  714.900000     7.593433     0.012481     1.586533 
  717.625000     7.589769     0.012688     1.585411 
  720.400000     7.586066     0.012894     1.584268 
  723.225000     7.582325     0.013099     1.583104 
  726.100000     7.578548     0.013302     1.581920 
  729.025000     7.574736     0.013504     1.580715 
  732.000000     7.570890     0.013705     1.579490 
  735.025000     7.567011     0.013905     1.578244 
  738.100000     7.563101     0.014103     1.576977 
  741.225000     7.559161     0.014301     1.575690 
  744.400000     7.555191     0.014497     1.574382 
  747.625000     7.551193     0.014691     1.573054 
  750.900000     7.547169     0.014885     1.571705 
  754.225000     7.543118     0.015077     1.570335 
  757.600000     7.539044     0.015268     1.568945 
  761.025000     7.534945     0.015458     1.567535 
  764.500000     7.530825     0.015646     1.566103 
  768.025000     7.526683     0.015833     1.564651 
  771.600000     7.522521     0.016019     1.563179 
  775.225000     7.518341     0.016203     1.561686 
  778.900000     7.514142     0.016386     1.560172 
  782.625000     7.509926     0.016568     1.558638 
  786.400000     7.505695     0.016749     1.557083 
  790.225000     7.501448     0.016928     1.555507 
  794.100000     7.497188     0.017106     1.553911 
  798.025000     7.492916     0.017283     1.552295 
  802.000000     7.488631     0.017458     1.550657 
  806.025000     7.484335     0.017632     1.548999 
  810.100000     7.480030     0.017805     1.547321 
  814.225000     7.475716     0.017976     1.545622 
  818.400000     7.471393     0.018146     1.543902 
  822.625000     7.467064     0.018315     1.542162 
  826.900000     7.462728     0.018483     1.540401 
  831.225000     7.458387     0.018649     1.538620 
  835.600000     7.454042     0.018814     1.536818 
  840.025000     7.449693     0.018977     1.534995 
  844.500000     7.445341     0.019140     1.533152 
  849.025000     7.440987     0.019301     1.531288 
  853.600000     7.436632     0.019460     1.529404 
  858.225000     7.432277     0.019619     1.527499 
  862.900000     7.427922     0.019776     1.525573 
  867.625000     7.423568     0.019932     1.523627 
  872.400000     7.419216     0.020087     1.521660 
  877.225000     7.414866     0.020240     1.519673 
  882.100000     7.410520     0.020392     1.517665 
  887.025000     7.406177     0.020543     1.515636 
  892.000000     7.401840     0.020692     1.513587 
  897.025000     7.397507     0.020841     1.511517 
  902.100000     7.393181     0.020988     1.509427 
  907.225000     7.388861     0.021134     1.507316 
  912.400000     7.384547     0.021278     1.505184 
  917.625000     7.380242     0.021421     1.503032 
  922.900000     7.375945     0.021564     1.500860 
  928.225000     7.371657     0.021704     1.498666 
  933.600000     7.367378     0.021844     1.496452 
  939.025000     7.363109     0.021983     1.494218 
  944.500000     7.358850     0.022120     1.491963 
  950.025000     7.354602     0.022256     1.489687 
  955.600000     7.350366     0.022391     1.487391 
  961.225000     7.346141     0.022525     1.485074 
  966.900000     7.341929     0.022657     1.482736 
  972.625000     7.337729     0.022789     1.480378 
  978.400000     7.333542     0.022919     1.478000 
  984.225000     7.329369     0.023048     1.475600 
  990.100000     7.325210     0.023176     1.473180 
  996.025000     7.321065     0.023303     1.470740 
 1002.000000     7.316935     0.023428     1.468279 
 1008.025000     7.312820     0.023553     1.465797 
 1014.100000     7.308720     0.023676     1.463295 
 1020.225000     7.304636     0.023798     1.460772 
 1026.400000     7.300568     0.023920     1.458229 
 1032.625000     7.296516     0.024040     1.455665 
 1038.900000     7.292481     0.024159     1.453080 
 1045.225000     7.288462     0.024277     1.450475 
 1051.600000     7.284461     0.024394     1.447849 
 1058.025000     7.280477     0.024509     1.445203 
 1064.500000     7.276511     0.024624     1.442536 
 1071.025000     7.272563     0.024738     1.439848 
 1077.600000     7.268633     0.024851     1.437140 
 1084.225000     7.264721     0.024962     1.434411 
 1090.900000     7.260827     0.025073     1.431662 
 1097.625000     7.256953     0.025183     1.428892 
 1104.400000     7.253097     0.025291     1.426101 
 1111.225000     7.249261     0.025399     1.423290 
 1118.100000     7.245443     0.025505     1.420458 
 1125.025000     7.241645     0.025611     1.417606 
 1132.000000     7.237867     0.025716     1.414733 
 1139.025000     7.234108     0.025819     1.411839 
 1146.100000     7.230369     0.025922     1.408925 
 1153.225000     7.226650     0.026024     1.405990 
 1160.400000     7.222951     0.026125     1.403035 
 1167.625000     7.219273     0.026225     1.400059 
 1174.900000     7.215614     0.026324     1.397063 
 1182.225000     7.211976     0.026422     1.394046 
 1189.600000     7.208358     0.026519     1.391008 
 1197.025000     7.204761     0.026615     1.387950 
 1204.500000     7.201185     0.026710     1.384871 
 1212.025000     7.197629     0.026805     1.381771 
 1219.600000     7.194093     0.026898     1.378651 
 1227.225000     7.190579     0.026991     1.375510 
 1234.900000     7.187085     0.027083     1.372349 
 1242.625000     7.183612     0.027174     1.369167 
 1250.400000     7.180160     0.027264     1.365965 
 1258.225000     7.176729     0.027353     1.362742 
 1266.100000     7.173318     0.027442     1.359498 
 1274.025000     7.169929     0.027530     1.356234 
 1282.000000     7.166560     0.027616     1.352949 
 1290.025000     7.163213     0.027703     1.349644 
 1298.100000     7.159886     0.027788     1.346318 
 1306.225000     7.156580     0.027872     1.342971 
 1314.400000     7.153296     0.027956     1.339604 
 1322.625000     7.150032     0.028039     1.336216 
 1330.900000     7.146789     0.028121     1.332808 
 1339.225000     7.143566     0.028202     1.329379 
 1347.600000     7.140365     0.028283     1.325929 
 1356.025000     7.137184     0.028363     1.322459 
 1364.500000     7.134024     0.028442     1.318968 
 1373.025000     7.130885     0.028520     1.315457 
 1381.600000     7.127767     0.028598     1.311925 
 1390.225000     7.124669     0.028674     1.308372 
 1398.900000     7.121592     0.028751     1.304799 
 1407.625000     7.118535     0.028826     1.301205 
 1416.400000     7.115499     0.028901     1.297591 
 1425.225000     7.112483     0.028975     1.293956 
 1434.100000     7.109487     0.029048     1.290300 
 1443.025000     7.106512     0.029121     1.286624 
 1452.000000     7.103557     0.029193     1.282927 
 1461.025000     7.100622     0.029265     1.279210 
 1470.100000     7.097707     0.029335     1.275472 
 1479.225000     7.094812     0.029405     1.271714 
 1488.400000     7.091937     0.029475     1.267935 
 1497.625000     7.089082     0.029544     1.264135 
 1506.900000     7.086247     0.029612     1.260315 
 1516.225000     7.083431     0.029679     1.256474 
 1525.600000     7.080635     0.029746     1.252612 
 1535.025000     7.077859     0.029812     1.248730 
 1544.500000     7.075102     0.029878     1.244827 
 1554.025000     7.072364     0.029943     1.240904 
 1563.600000     7.069645     0.030008     1.236960 
 1573.225000     7.066946     0.030071     1.232996 
 1582.900000     7.064266     0.030135     1.229011 
 1592.625000     7.061605     0.030197     1.225005 
 1602.400000     7.058962     0.030260     1.220979 
 1612.225000     7.056338     0.030321     1.216932 
 1622.100000     7.053733     0.030382     1.212865 
 1632.025000     7.051147     0.030443     1.208777 
 1642.000000     7.048579     0.030503     1.204668 
