1154	
	0.01151119719	-0.003224194877	0.01147725508	-0.008529206984	0.01153611765
	-0.003355526434	0.01144204661	-0.0139316287	0.0114975194	-0.01027509608
	0.01154088677	-0.006754396299	0.01161356696	-0.003504018116	0.0114013125
	-0.01910092608	0.01144791365	-0.01589488971	0.01152767559	-0.01280802257
	0.01135561115	-0.02395665435	0.01162698897	-0.007372247756	0.01174841835
	-0.00368054769	0.0116695625	-0.01055187032	0.01140516033	-0.02110353213
	0.01149736086	-0.01731648085	0.01162651594	-0.01408004248	0.01135587894
	-0.02552111431	0.01130824139	-0.02842302323	0.01125883691	-0.03238037054
	0.01121490358	-0.03592370774	0.01117603645	-0.03885756573	0.01114231383
	-0.04117754555	0.01111829285	-0.04287423951	0.01177681316	-0.006844293873
	0.01194733502	-0.003890422407	0.01179952242	-0.01298061897	0.01220699282
	-0.004136225194	0.01145857205	-0.02278527695	0.01154609928	-0.01980783835
	0.01167970914	-0.01690713812	0.01139325123	-0.02758506625	0.01131171197
	-0.02968134152	0.01124284996	-0.03496970663	0.01110133763	-0.04421153797
	0.01120195744	-0.03824161321	0.01116533236	-0.04060551103	0.01109924239
	-0.04386047084	0.01114416738	-0.04246256722	0.01112694427	-0.04365382668
	0.01228400212	-0.007741938157	0.01200447612	-0.01023318696	0.01200579601
	-0.01440210016	0.01254061487	-0.004426711826	0.01151318326	-0.0251927893
	0.01166715743	-0.02129135405	0.0118701914	-0.02027968327	0.01147618488
	-0.02947380163	0.01134362887	-0.03126304159	0.01130051434	-0.03458710066
	0.01125674422	-0.03748032986	0.01112504415	-0.04454347824	0.01123645704
	-0.0401873854	0.01121706799	-0.04268194011	0.01114832061	-0.0446014805
	0.01123528252	-0.04414892829	0.01117385407	-0.0441878173	0.01262832543
	-0.008498434117	0.01233354234	-0.01198534133	0.01210564478	-0.01765809621
	0.01256480593	-0.01743237407	0.01295425645	-0.004769394158	0.01165578329
	-0.0276889529	0.01181436148	-0.02594159346	0.0120067307	-0.02413677064
	0.01158530295	-0.0318630646	0.01144283492	-0.03435191156	0.01139668959
	-0.03747378554	0.0113476959	-0.04027141875	0.01120975919	-0.0454717344
	0.01129830204	-0.04248255125	0.01124489258	-0.04563661621	0.01136814951
	-0.04529017688	0.01131323251	-0.04586212056	0.01305921581	-0.00869547539
	0.01276082616	-0.01410130709	0.0123452299	-0.02578530567	0.01238066965
	-0.02052997778	0.01284789086	-0.02068919872	0.01345555497	-0.005173513858
	0.01185191413	-0.03054800789	0.01216390665	-0.02816255076	0.01172602139
	-0.03451458783	0.01161445398	-0.03795971974	0.01150264284	-0.04126069317
	0.01135824705	-0.04712731195	0.01147623933	-0.04537912694	0.01142602309
	-0.0476670653	0.01154446958	-0.04758184709	0.01234523204	-0.0324323869
	0.01342395808	-0.01105464092	0.01330722252	-0.01662551177	0.01265649228
	-0.02713611049	0.01311623817	-0.02748981547	0.01334139966	-0.02259005254
	0.01405490626	-0.005650864939	0.01210170869	-0.03379619909	0.01191374447
	-0.03883110868	0.01173056068	-0.04126388403	0.01165395299	-0.04510272175
	0.0124096324	-0.03742576067	0.01157602325	-0.04952127507	0.01170961253
	-0.04763059219	0.01172515808	-0.05039502138	0.01270363725	-0.03529375502
	0.01403580878	-0.01199369245	0.01390060317	-0.01803218313	0.01300061789
	-0.03255038432	0.01368946542	-0.02982357406	0.01395414321	-0.02452413824
	0.01477087184	-0.0062186015	0.01187313486	-0.04462665622	0.0122973782
	-0.04002634549	0.0121299685	-0.04394939215	0.01193614586	-0.04763651761
	0.01277638027	-0.04165004251	0.01186583459	-0.05261031414	0.01198807862
	-0.05364276207	0.01201254376	-0.05046069115	0.01201660499	-0.05216112966
	0.01312660784	-0.03865016952	0.01476211904	-0.01312219235	0.01460992688
	-0.0196802303	0.01450748774	-0.02625752203	0.01380731525	-0.03641250287
	0.01437892112	-0.03254100664	0.01561793893	-0.006895097746	0.01555110843
	-0.01436551693	0.01228599501	-0.04777978366	0.01250530944	-0.04564588653
	0.01246253105	-0.05168930098	0.01296214918	-0.04765121479	0.01330715064
	-0.04508977723	0.01223673308	-0.05648259238	0.01226505281	-0.05631393751
	0.01231553503	-0.055458749	0.01238005632	-0.05388870579	0.01281014578
	-0.05477659671	0.01372106323	-0.04196897688	0.0153410349	-0.02885126616
	0.01545919901	-0.02165982866	0.01519808363	-0.03572815653	0.01452444894
	-0.0398681718	0.01629445891	-0.02358168986	0.01660721286	-0.007700157181
	0.01655686501	-0.015916852	0.01778749775	-0.00867554774	0.01287231729
	-0.05143923921	0.01353199705	-0.05188682866	0.01394273455	-0.04918723931
	0.0126913348	-0.06074887501	0.01268551925	-0.06129122425	0.01277633455
	-0.06012470453	0.01285174495	-0.05839943255	0.01336065131	-0.05968967512
	0.01443395975	-0.04590864721	0.01499627186	-0.04559658207	0.01607272439
	-0.03116040997	0.01601388356	-0.0388927847	0.01561375043	-0.04495719312
	0.01743272767	-0.02627639571	0.01748589203	-0.03547660249	0.01763187659
	-0.01762076732	0.01900463978	-0.01979181704	0.01916761485	-0.009850664648
	0.01364878749	-0.05774713685	0.01421555936	-0.05686917662	0.01469486395
	-0.05400217451	0.0132486964	-0.0671256686	0.01325602205	-0.06491233111
	0.01322496167	-0.06640330748	0.01329901543	-0.06262761661	0.01402259872
	-0.06325422618	0.01371237361	-0.06479760002	0.01535220187	-0.05113285723
	0.01694341959	-0.04248461952	0.01665517047	-0.04993073262	0.01822624682
	-0.04743782722	0.01885600025	-0.03971258008	0.01877461449	-0.02937138325
	0.02060418925	-0.02239612425	0.02269750214	-0.01302146967	0.0207832753
	-0.01127436645	0.01461870938	-0.06560694757	0.01485347491	-0.06155043448
	0.01606316833	-0.06275416333	0.0138960755	-0.07402830443	0.01389040141
	-0.07140134625	0.01396319899	-0.07409918775	0.01408231626	-0.07016918334
	0.01441210841	-0.06903579725	0.01446085419	-0.07560756931	0.01524892673
	-0.07641702913	0.01686762012	-0.05940194373	0.01787819078	-0.05559798337
	0.01972371521	-0.05329222792	0.02491732879	-0.01514759356	0.02007703369
	-0.04344719026	0.02063573425	-0.03366996989	0.02225349534	-0.03747104747
	0.02249120749	-0.0254549832	0.01549584622	-0.07267299231	0.01577252638
	-0.06812129442	0.01690311222	-0.06809538414	0.01466049075	-0.08214434241
	0.0148505851	-0.08115270838	0.01473775371	-0.08214916949	0.01502208497
	-0.07921101485	0.01594206551	-0.08260326051	0.02760044922	-0.01781671695
	0.01813720403	-0.0664002	0.01994304355	-0.0651322054	0.02149307473
	-0.06003138042	0.02718778175	-0.03328941453	0.02475329347	-0.02916214276
	0.02189261311	-0.04910481879	0.02408342186	-0.04185023652	0.01651036068
	-0.08086220469	0.01786149597	-0.07402499182	0.01683812537	-0.07582140329
	0.01553081193	-0.09158270592	0.01575621889	-0.09034146111	0.01555809779
	-0.09086940581	0.01595618278	-0.0881595241	0.01701608734	-0.09217952866
	0.03078183037	-0.02114768275	0.03027406539	-0.03875012894	0.01910606153
	-0.076912686	0.02055612318	-0.07944213425	0.02222190083	-0.07575237855
	0.02323096838	-0.06670453133	0.02662147749	-0.04793228632	0.02405212394
	-0.05576218525	0.03018527323	-0.05651815346	0.01747659901	-0.08865436366
	0.01807256295	-0.08479348726	0.01656070677	-0.1025690703	0.01679258068
	-0.1009454302	0.01654417513	-0.1015539219	0.01702575976	-0.09846876758
	0.01794522791	-0.1005194989	0.03451430294	-0.02529609417	0.03431522707
	-0.04588224401	0.03330165551	-0.06422032718	0.0200231138	-0.08781190634
	0.02243361989	-0.08975330564	0.02442640894	-0.08598566827	0.02522552959
	-0.07444388381	0.02661191298	-0.06369506847	0.02965722317	-0.07319107143
	0.01856686327	-0.09740835221	0.01952026731	-0.0950895791	0.01769618069
	-0.115147997	0.017792582	-0.111454298	0.0178496788	-0.1155988732
	0.01823825345	-0.1103456863	0.0188422174	-0.1196183824	0.01897837091
	-0.1098143617	0.03902284721	-0.03058781687	0.05132473253	-0.04640237315
	0.04456335011	-0.03745905036	0.03849595406	-0.05363211437	0.03764449202
	-0.07511578726	0.03326005858	-0.08468621313	0.02180459812	-0.09902888576
	0.02464791585	-0.1017680911	0.0270298917	-0.0979839699	0.02892907607
	-0.08864608646	0.02007800953	-0.119593415	0.0206132491	-0.1138812817
	0.02192679323	-0.112412591	0.02174787035	-0.1346049061	0.01908231387
	-0.1289535859	0.01897411889	-0.129519661	0.01944688753	-0.1289863769
	0.01990359239	-0.1267901084	0.05942285029	-0.0579619559	0.04343243301
	-0.06310008544	0.04990918004	-0.07600082373	0.04198747578	-0.08642285646
	0.03651913483	-0.09528732797	0.03240727431	-0.101998399	0.02388273975
	-0.1119226085	0.02724605926	-0.1159357363	0.0300966185	-0.1121900619
	0.02398061475	-0.1272450825	0.02238042687	-0.1283528593	0.0258729223
	-0.1405551187	0.02362843124	-0.1517595954	0.02151202871	-0.142689317
	0.02050552108	-0.1450297987	0.02042546381	-0.1459094569	0.02094836936
	-0.1450604199	0.05842180239	-0.09643938077	0.06949151282	-0.07337310082
	0.04809939048	-0.1027509625	0.0411439212	-0.1163591046	0.03833543051
	-0.1256286894	0.03375213929	-0.1291744062	0.02756098499	-0.1351696476
	0.03031049352	-0.1324113704	0.02517490732	-0.1510949229	0.02793964014
	-0.1555432195	0.02573826409	-0.1713964054	0.0229157489	-0.1568714312
	0.02209524896	-0.1632142439	0.02202044621	-0.164407936	0.02406285564
	-0.1741559768	0.02263448386	-0.1632676609	0.08206094816	-0.09412791102
	0.09795717675	-0.1225395514	0.118067165	-0.1617537153	0.05529174621
	-0.1276345114	0.06733943255	-0.1168346034	0.05442897537	-0.1627282696
	0.04714759623	-0.1368887457	0.04367299056	-0.1469027788	0.03738084846
	-0.1554814341	0.04113923213	-0.1637889758	0.03429145313	-0.1543547869
	0.03060950561	-0.154213098	0.02377629858	-0.1851741723	0.1437241209
	-0.2166032284	0.03026292387	-0.1727435913	0.02850712807	-0.1785218121
	0.02752833815	-0.188042753	0.02570257483	-0.1852383236	0.02381732044
	-0.1835729604	0.02470879368	-0.1864755832	0.07943720028	-0.1451077973
	0.09476171916	-0.1829881037	0.111983339	-0.2293920045	0.06616416954
	-0.1593057092	0.0758315709	-0.1890315936	0.06081979485	-0.1864531396
	0.04906460005	-0.1790598135	0.04304028551	-0.1932232031	0.03856972423
	-0.1779619856	0.0359801953	-0.18850221	0.03361788371	-0.1967433533
	0.04831449645	-0.2104422883	0.02560482729	-0.2081029564	0.1774283064
	-0.2955707559	0.2214363123	-0.409878689	0.1381902968	-0.3029693838
	0.03141785266	-0.202497873	0.02951668249	-0.2064394685	0.02777962371
	-0.2030175503	0.026705139	-0.2095062705	0.02584576255	-0.207703626
	0.1077560601	-0.2923616445	0.08707940135	-0.225704075	0.09299669835
	-0.2771705829	0.1259068932	-0.3567482079	0.07111629597	-0.2248161663
	0.05943335508	-0.223478667	0.06347220263	-0.265245718	0.05551433744
	-0.2467054283	0.0344346246	-0.2177363954	0.04216223545	-0.211540548
	0.03879278925	-0.2214210437	0.04791045106	-0.2452810802	0.02755647232
	-0.2333229723	0.1666644688	-0.3907751852	0.2069586533	-0.5222844137
	0.2793401892	-0.5775947551	0.3577232087	-0.8308795227	0.152692378
	-0.4570134702	0.03532463969	-0.2534037981	0.03296935368	-0.2322579337
	0.03018853107	-0.2284289563	0.02908112239	-0.2350053689	0.02798688
	-0.2345558939	0.09958570517	-0.3367201476	0.08044142573	-0.2605166188
	0.1134525451	-0.3962957525	0.0729062858	-0.2848460809	0.06539477471
	-0.3004512185	0.05449746976	-0.2852971296	0.03818034811	-0.2475799943
	0.04355763953	-0.2541821399	0.02957578289	-0.2606155029	0.1802175567
	-0.5677522669	0.2579141112	-0.7071147555	0.4626165759	-1.213748338
	0.3188240589	-0.9474260385	0.6012637086	-1.790430123	0.13681617
	-0.4967606493	0.1652991222	-0.626966343	0.03800551744	-0.2789221757
	0.03110014825	-0.2588153149	0.03346221272	-0.2630854208	0.02991299644
	-0.2598529529	0.08545327303	-0.3436402896	0.106898999	-0.444914898
	0.1108478482	-0.5092356369	0.07591209453	-0.356730714	0.06233283635
	-0.3327342758	0.05165520553	-0.3110023325	0.04088137023	-0.3061870311
	0.04412481802	-0.2954992006	0.03160905985	-0.289637171	0.7798819351
	-2.644507728	0.1909326957	-0.751007973	0.2310312767	-0.777290253
	0.3986493006	-1.32021782	0.2745438572	-0.9794901609	0.4883256452
	-1.765582485	0.13400246	-0.5872583619	0.1587719161	-0.7213931515
	0.03691013094	-0.3014931232	0.03371575623	-0.2926157352	0.03233265934
	-0.2929778951	0.09544390256	-0.4829670059	0.08852296138	-0.4259827023
	0.1122284338	-0.5648429064	0.05827044909	-0.3579906272	0.07153890381
	-0.3894702279	0.05088713495	-0.3516261122	0.04369173829	-0.3328359147
	0.03991282619	-0.3356250857	0.03352627015	-0.3195595693	0.9864312002
	-3.807121131	0.59102851	-2.337557762	0.2296870545	-0.9526008981
	0.3134488988	-1.223405961	0.3818684012	-1.594437817	0.1301673753
	-0.6745237576	0.1869157899	-0.8832071321	0.03641057858	-0.3284878961
	0.03418626162	-0.3210217403	0.09090898343	-0.5142655946	0.08226165448
	-0.4567426469	0.09980360908	-0.5761142253	0.1131981671	-0.6677634232
	0.0555780062	-0.3900283421	0.06574544309	-0.411929365	0.04760207384
	-0.3720017426	1.160341872	-5.063189676	0.0423631158	-0.3636471981
	0.03836162099	-0.3560455979	0.03519078268	-0.3493153002	0.6756056594
	-2.970097561	0.4302599935	-1.915489322	0.2883291351	-1.357940054
	0.2606244352	-1.177446772	0.1499143801	-0.7998837221	0.1879881968
	-0.9553517208	0.1276991855	-0.7529391179	0.0360826855	-0.3531640237
	0.0958714461	-0.6291244261	0.07384333282	-0.4723907584	0.08556571329
	-0.5666648203	0.06028860864	-0.4303348648	0.05278718006	-0.4259247564
	0.04691565278	-0.3922105071	1.106829452	-5.348839848	0.6739867185
	-3.252183235	0.03794554823	-0.3702894017	0.04151221936	-0.3794449306
	0.03645033645	-0.3771856666	0.4378448852	-2.132728334	0.3204635754
	-1.591894197	0.2101373021	-1.113839649	0.1499384353	-0.8688077085
	0.1065503564	-0.6951409724	0.0375108003	-0.3830648481	0.07304909429
	-0.5609379332	0.06785375678	-0.5005343749	0.05638281012	-0.4664890964
	0.0454920701	-0.4061438021	0.5385356548	-2.748209388	0.4418215001
	-2.291862638	0.3994970891	-2.062004636	0.04055748544	-0.3947736716
	0.03710897401	-0.4012467489	0.2748530875	-1.47450555	0.222892157
	-1.227730851	0.2266258108	-1.276947608	0.1111553336	-0.7471124632
	0.1496363933	-0.9203330742	0.06761158808	-0.559777887	0.08212952044
	-0.6303936369	0.03823593719	-0.4059667692	0.04172599548	-0.4187111945
	0.05883394109	-0.5021776427	0.04796906516	-0.4451499274	0.05514799968
	-0.5109191825	-0.4114405111	2.104848651	0.07734479651	-0.4253586731
	0.169433142	-0.9741722804	0.03686782505	-0.4186108837	0.1758867007
	-1.05385932	0.1316736408	-0.8207761312	0.1069016023	-0.7483556492
	0.1121464196	-0.7721842788	0.07732034172	-0.619934518	0.05992163982
	-0.5404566691	0.03813497675	-0.4240619731	0.04191469215	-0.4413824044
	0.05058827405	-0.481025457	0.04820339192	-0.4874766504	-1.223538534
	6.160909396	-0.3424211457	1.801113611	0.006439684067	-0.0915722668
	-0.5767201226	3.000955936	0.03546745979	-0.4257965368	0.1071487256
	-0.7291996829	0.02332220513	-0.2386911795	0.06837614742	-0.5768992729
	0.07211606359	-0.577866477	0.05320254662	-0.5126069823	0.04261476024
	-0.4655038684	0.03690530561	-0.4329452618	0.04041687256	-0.4517786985
	0.03792311994	-0.4441396029	-1.321559407	6.4694055	-0.06230059378
	0.271951875	-0.2141853354	1.125468582	-0.3980856646	2.05472984
	0.03264456255	-0.4191587826	0.04680775957	-0.4214887036	0.01968271863
	-0.24017952	0.048389061	-0.4677897008	0.03876143668	-0.4340738439
	0.03296443619	-0.4143979683	0.03271130832	-0.4175015272	0.03306153682
	-0.4216857027	-0.4654227328	2.18301748	-0.04385258075	0.2215106872
	-0.03437695781	0.1129715227	0.1406858433	-0.6619694081	0.02829431989
	-0.3949805641	0.03499862778	-0.3670097869	0.03353240853	-0.3147897548
	0.0303219599	-0.3662815599	0.02762580185	-0.3679713319	0.02628665087
	-0.372005146	0.02650006827	-0.380703308	0.8109196068	-3.762072636
	0.1131882646	-0.628271596	0.4970924854	-2.408921557	0.02232289399
	-0.3515544201	0.07412869853	-0.5035855895	0.0280678043	-0.3243048001
	0.02041117183	-0.3031654942	0.01645853673	-0.2904309032	0.01943117004
	-0.3252898801	1.447175758	-6.450928367	0.1847240404	-1.011693363
	0.4709431448	-2.261023607	0.01407293913	-0.2829273872	0.03953734623
	-0.3497546275	0.007874867393	-0.1911054243	0.003925933767	-0.1884523323
	0.01001417449	-0.245165628	0.8723100418	-3.73710409	-0.06411538245
	0.1948903974	0.05389621025	-0.3773811703	0.002923741575	-0.1843032404
	-0.02201274227	-0.003717059985	-0.0231501207	-0.007998319471	-0.005983332733
	-0.1126567416	-0.5600100569	2.371547065	-0.4109045172	1.765260091
	-0.007875783568	-0.07156186718	-0.112209572	0.4546957824	-0.03600914693
	0.1013157883	-0.4429161418	1.915090524	-1.454730979	5.907110671
	0.02410436705	-0.1414283959	-0.1139562574	0.4895415347	-0.09396821491
	0.4249165212	-0.963890093	3.775124752	0.2322118401	-0.9634724821
	0.5624971762	-2.178938335	1.412967191	-5.272999009	

(-0,-0.0409806)
