1154	
	0.08150274093	-0.105883034	0.07810195527	-0.1199241583	0.08156700607
	-0.1068456665	0.07479654921	-0.1334860785	0.07716546951	-0.1246110317
	0.07948243326	-0.115880186	0.0818490421	-0.1081029935	0.07174784474
	-0.1459885596	0.07371468547	-0.1383964838	0.07581873805	-0.1311834406
	0.06897583857	-0.1573935912	0.07947716125	-0.1181539667	0.08231238765
	-0.1096669053	0.07775852743	-0.1263988749	0.07069335408	-0.1508123465
	0.07314663466	-0.1421046199	0.07552538191	-0.1348541584	0.06817829571
	-0.1610545178	0.06650385698	-0.1676370079	0.06436046972	-0.1765157313
	0.06249231272	-0.1843585356	0.06097831239	-0.1907508994	0.05979081955
	-0.1957487129	0.05893942225	-0.1993734882	0.08043901096	-0.1178575909
	0.08298556932	-0.1115889347	0.0768844566	-0.1331003174	0.08384361126
	-0.1138504245	0.07005350157	-0.1549909443	0.07201646976	-0.1482859276
	0.07417774909	-0.1419486985	0.06731747406	-0.1659367667	0.0659034006
	-0.1705273055	0.06306685167	-0.1822875796	0.05828648198	-0.2022133423
	0.06138281415	-0.1894321377	0.06015709244	-0.194529094	0.05842280964
	-0.2014694856	0.05924883178	-0.1985025665	0.05865484804	-0.2010327775
	0.08195239069	-0.1230796969	0.07933320196	-0.1275555967	0.07695940825
	-0.1375294753	0.0849702431	-0.1165827765	0.06907118007	-0.1607778366
	0.07177099464	-0.1522611749	0.07319650691	-0.1507106968	0.06678252146
	-0.1704538723	0.06529768789	-0.174175165	0.06352981841	-0.1815235242
	0.06199806163	-0.187828305	0.05827165253	-0.2029166721	0.06070104376
	-0.1936780373	0.05953098373	-0.1989993016	0.05836914721	-0.2030404776
	0.05900732945	-0.2021094443	0.05867407442	-0.2021733342	0.08286876303
	-0.1267851434	0.07967746806	-0.1334611776	0.07560353647	-0.1456273084
	0.07766551291	-0.1471421339	0.08633717175	-0.1197692501	0.06847977359
	-0.1669284272	0.07006424301	-0.1634712707	0.07182271136	-0.1600498455
	0.0661610888	-0.1760610904	0.06432598492	-0.1812613462	0.06269144707
	-0.1880037679	0.06122099055	-0.1939707036	0.05832806925	-0.2048769481
	0.06002928184	-0.1986252439	0.05844162818	-0.2052301221	0.05921110231
	-0.2045673523	0.05869962253	-0.2057239224	0.08444587149	-0.1295278056
	0.08025014748	-0.14046826	0.072493466	-0.1649647556	0.07527300693
	-0.1533735845	0.07716098296	-0.1556758638	0.08800087004	-0.1235133183
	0.0680143313	-0.1738533648	0.07055753752	-0.1695509042	0.06560051227
	-0.1822012821	0.06353186972	-0.1894057407	0.061561647	-0.1962579265
	0.05841777354	-0.2083543533	0.05971568865	-0.2048359547	0.05854568469
	-0.2094930769	0.05917304531	-0.2093985344	0.06937777597	-0.1793729035
	0.08455120071	-0.1367970079	0.0811295068	-0.1486956781	0.0731900441
	-0.1690529636	0.0749955485	-0.1715071567	0.0782723436	-0.1618974926
	0.08994966835	-0.1278289631	0.06765619769	-0.1816058208	0.06457052162
	-0.1918401862	0.06266775366	-0.1965930598	0.06070697433	-0.2044441738
	0.06745904694	-0.1900844983	0.05856928322	-0.2133402947	0.05996573483
	-0.2096612107	0.05896804776	-0.2152135526	0.06968265192	-0.1865282104
	0.08641751898	-0.1419405997	0.08278520438	-0.1545022669	0.0721993565
	-0.1817485017	0.07633462014	-0.1785769112	0.07985647636	-0.1685859173
	0.09228617545	-0.132898161	0.06195945739	-0.2037726432	0.06583572
	-0.1952045077	0.06344315127	-0.2028559501	0.06105823161	-0.2099621283
	0.06731953331	-0.1997389119	0.05881563832	-0.2197192834	0.05902287847
	-0.221859378	0.06033289283	-0.2156739504	0.05970895943	-0.219020893
	0.07010470456	-0.1946961507	0.08862057409	-0.1479758521	0.08477506057
	-0.1612715306	0.08129464798	-0.1745119225	0.0739518681	-0.1924666945
	0.0779806148	-0.1867917478	0.09504799554	-0.1388221137	0.09100882569
	-0.15445991	0.06264817207	-0.2108377158	0.06448860081	-0.2070714323
	0.06197255221	-0.2188222909	0.06575741346	-0.2121168828	0.06827141829
	-0.2080535608	0.05917340957	-0.2276186464	0.05936582736	-0.2273432842
	0.05991015095	-0.2257895169	0.06077649023	-0.2229152609	0.06242188843
	-0.2254037984	0.07129283218	-0.2032130802	0.08345515397	-0.1833132618
	0.08716752393	-0.169226448	0.07993392932	-0.1963739825	0.07550538762
	-0.2018637476	0.08951518627	-0.1769364727	0.09824215555	-0.1456660314
	0.09405794035	-0.1625622462	0.1020815243	-0.1538154986	0.06392095044
	-0.2192212394	0.06665675778	-0.2217271064	0.06942034786	-0.217833765
	0.05978518414	-0.2362917961	0.05957330369	-0.2372860416	0.06038343202
	-0.2353031854	0.06132022217	-0.2322711338	0.06312563528	-0.2357622027
	0.07273019673	-0.2132084951	0.07517082177	-0.2145452453	0.08532379755
	-0.1910439115	0.08189606394	-0.205721942	0.07790969745	-0.2156352547
	0.09267306255	-0.1874702889	0.08900694151	-0.2054054011	0.09728188387
	-0.1712640098	0.1014003275	-0.1822113652	0.1065325139	-0.1633115886
	0.06505553261	-0.2329234549	0.06776995596	-0.2329153358	0.07079345015
	-0.2291703106	0.06016317142	-0.2488110845	0.06091367947	-0.2449173737
	0.06029022746	-0.2475140713	0.06185761528	-0.2409402394	0.06476685798
	-0.2438258297	0.06293286427	-0.2457601284	0.07453133617	-0.2261203797
	0.08411446462	-0.2162609238	0.08016986652	-0.2287311322	0.08717695338
	-0.2305287541	0.09252653777	-0.2192316026	0.09640374845	-0.1996219145
	0.1061316992	-0.1950081152	0.1177845711	-0.1875982904	0.1116954062
	-0.1744141525	0.06647872431	-0.24966846	0.06880346365	-0.2432446701
	0.07328159113	-0.2493424153	0.06079316315	-0.2621804256	0.06157426621
	-0.2577174882	0.06105629804	-0.2624652534	0.06278060577	-0.2560483617
	0.06451621011	-0.2549899265	0.06267867206	-0.2662482572	0.06564426646
	-0.2698535939	0.07760831673	-0.2463806006	0.08285561195	-0.2436223776
	0.09068744049	-0.2470679894	0.1247171761	-0.2029050298	0.09566025205
	-0.2313259153	0.1015593015	-0.2162041259	0.1059973302	-0.2304773554
	0.1116871772	-0.209944525	0.06779184704	-0.2643781895	0.07034658028
	-0.257591682	0.07481729045	-0.2614063732	0.06157065257	-0.2775499985
	0.06263194998	-0.2764684025	0.0618851393	-0.2777566276	0.06388894702
	-0.2738211263	0.06656150956	-0.2820570731	0.1330797819	-0.2215115256
	0.08013733988	-0.2630873203	0.08735870694	-0.2681064037	0.09483785213
	-0.2660464472	0.1253156767	-0.2466941996	0.1183145389	-0.2275719935
	0.1002369848	-0.2492631133	0.1109177084	-0.2466917047	0.06929705996
	-0.2810991258	0.07660172003	-0.2747187663	0.07210629221	-0.2740177499
	0.06241821366	-0.2949775313	0.0636404958	-0.2936991289	0.06272063169
	-0.2939173877	0.06502691198	-0.2909154283	0.06798711264	-0.3005470992
	0.1428218462	-0.2436480104	0.1339937156	-0.2710808293	0.08037913462
	-0.2840449573	0.08496027462	-0.2936904591	0.09221312251	-0.2945859609
	0.09885505796	-0.2844408148	0.1176734134	-0.2688882615	0.1056468067
	-0.2701185705	0.1270234879	-0.2994735433	0.07072827093	-0.2966768962
	0.07410801797	-0.2927361797	0.06348875996	-0.3146958651	0.06478015569
	-0.3130516436	0.06368599968	-0.3132016395	0.06631404821	-0.3101182242
	0.06919762249	-0.3162757882	0.153960984	-0.2697087667	0.1452178425
	-0.3024305528	0.1349968674	-0.3260526443	0.08045536135	-0.3046301399
	0.08858113733	-0.3170480854	0.09682606799	-0.3195296099	0.1033855736
	-0.3052750277	0.111943813	-0.2945036577	0.1193147052	-0.3229280914
	0.0723427988	-0.3138346477	0.07649049323	-0.3138304724	0.06455822677
	-0.3365729485	0.06581181475	-0.3316840027	0.06500629361	-0.3377199099
	0.06772167241	-0.3315782118	0.06758993289	-0.3466841795	0.07052584047
	-0.3334277858	0.1672293576	-0.3014566419	0.2022104236	-0.3887848168
	0.1832265037	-0.3406718724	0.1565510924	-0.3348579857	0.1458413607
	-0.3628066466	0.1277487287	-0.3563401397	0.08360341797	-0.328346804
	0.0927977039	-0.3437139547	0.1021739344	-0.3482065335	0.1116599313
	-0.342851463	0.07196215451	-0.3510902417	0.07529685751	-0.3451669993
	0.08030948865	-0.3480675318	0.07405132114	-0.3774289983	0.06622549372
	-0.3602371554	0.06571994927	-0.3607107939	0.06749115021	-0.3616338595
	0.06958909232	-0.360357212	0.2240145147	-0.4466437841	0.1695731388
	-0.3733508239	0.1861551572	-0.4235249153	0.1563288673	-0.399483076
	0.1351511085	-0.3862104877	0.1192258891	-0.3771456284	0.08724179527
	-0.3550554701	0.09759969634	-0.3741907609	0.1083073235	-0.3810970977
	0.08344895686	-0.3762815775	0.07773672342	-0.3716363359	0.08635680573
	-0.4010082382	0.0762696191	-0.4064430428	0.07136711278	-0.3870410425
	0.06747293598	-0.3863449399	0.06701607057	-0.3871843662	0.068947799
	-0.3880435499	0.206102922	-0.4924135521	0.2502572996	-0.5190373466
	0.1706113223	-0.4504901	0.1434560779	-0.4355110428	0.1313794388
	-0.4348454571	0.1153677475	-0.4191667616	0.0933445511	-0.4010221839
	0.1031522028	-0.4087647782	0.08148000108	-0.411621279	0.08931714031
	-0.4278892437	0.07858950949	-0.4380692777	0.0728125312	-0.4100546658
	0.06879596323	-0.4146421311	0.06831114895	-0.4157785897	0.07273460538
	-0.4348101076	0.07051176273	-0.4167163328	0.2816138551	-0.6096601561
	0.3194058674	-0.7245145823	0.3644809055	-0.8699271909	0.1849964097
	-0.5155193441	0.2268257611	-0.5613316524	0.1705379755	-0.5512920323
	0.156076428	-0.4885220635	0.1419204939	-0.4844871431	0.1194176384
	-0.4670384439	0.1288889375	-0.4929979821	0.1099136045	-0.4526228584
	0.09822993609	-0.4371940309	0.06961112757	-0.4463209873	0.4177820105
	-1.054032394	0.09245043584	-0.4574480589	0.08562222578	-0.4570861708
	0.08048167582	-0.4638928704	0.07549012075	-0.4538574225	0.07005875474
	-0.4448201171	0.07221142707	-0.45138603	0.2538859842	-0.6532625652
	0.2862195952	-0.7677077848	0.3197805124	-0.8957675174	0.2079473824
	-0.6030750288	0.2270466544	-0.6791303321	0.1824696612	-0.6056389216
	0.1489052985	-0.544773519	0.126356274	-0.5330007912	0.1168854715
	-0.4976491032	0.1061687922	-0.498421419	0.09695208329	-0.4974102541
	0.1374122526	-0.5731646266	0.07065751796	-0.4782348502	0.4826269731
	-1.293658522	0.558150034	-1.598416404	0.3673646466	-1.084809776
	0.08899790514	-0.4948003638	0.08248491272	-0.4913698939	0.07806106731
	-0.4810728413	0.0736118531	-0.4839039345	0.07144366057	-0.4787603127
	0.2840586672	-0.9199155983	0.2477504885	-0.7673651214	0.2469038996
	-0.8357128225	0.3120531201	-1.049414853	0.2007943247	-0.690218357
	0.1667009278	-0.6349684571	0.1657724094	-0.6879478422	0.1482720437
	-0.6377803495	0.09444986255	-0.52222342	0.1187854389	-0.5479410312
	0.1063409151	-0.5435281657	0.1266787643	-0.603434594	0.07155333113
	-0.5111860148	0.4133168167	-1.282597763	0.4712077975	-1.547685349
	0.6444703054	-1.983566191	0.7415820054	-2.468691167	0.3488526148
	-1.231078821	0.08913982336	-0.5591787577	0.08701154332	-0.5306738372
	0.07991048757	-0.5162994572	0.07549523852	-0.5184086135	0.07253349956
	-0.5139930131	0.245265122	-0.9063173546	0.2163435995	-0.7639423786
	0.2632831608	-1.004618675	0.1868688277	-0.7466294885	0.1609270266
	-0.7226113751	0.1346922738	-0.6639465278	0.09841566288	-0.5655703598
	0.1120148462	-0.5932768944	0.07215292918	-0.5443109985	0.3808586003
	-1.405335216	0.5313446518	-1.858360817	0.8378133862	-3.036296406
	0.5873246009	-2.185689781	0.912198088	-3.621016892	0.2909235295
	-1.156676207	0.3180677123	-1.320777898	0.09102353499	-0.5913613945
	0.07654122213	-0.5481925599	0.08208941316	-0.5609034568	0.07319621515
	-0.5449245282	0.2036064686	-0.8429295253	0.2289031508	-0.9900692859
	0.2174297278	-1.022008384	0.1732690676	-0.804687165	0.1433414171
	-0.729978825	0.1202614202	-0.6704832528	0.09285157173	-0.6233173415
	0.103784073	-0.6286943376	0.07233383749	-0.576590651	0.9193957197
	-4.017917919	0.3362103413	-1.445546635	0.4309860728	-1.686269622
	0.6231006774	-2.511668951	0.4578882357	-1.87864188	0.6352685119
	-2.738094843	0.2508330454	-1.149537883	0.2646714316	-1.262027777
	0.08362220765	-0.6052017528	0.0771553292	-0.5866381319	0.07357921591
	-0.5818175958	0.1859097877	-0.940402182	0.1858524977	-0.8935004995
	0.2021789947	-1.030657742	0.1258458821	-0.7266884794	0.1519725133
	-0.8000999437	0.1083875204	-0.6924567061	0.09436463365	-0.6526017301
	0.08440767441	-0.6400941121	0.07189055101	-0.6064472486	0.7749952044
	-3.737919998	0.5931617033	-2.736386845	0.3530814277	-1.595744706
	0.4480583989	-1.967644752	0.441564804	-2.05189132	0.2089378374
	-1.107709885	0.271193251	-1.349022483	0.07724712581	-0.6227645952
	0.07322694893	-0.6097891268	0.1642487833	-0.9197113695	0.1600444216
	-0.8712504916	0.1665689618	-0.9610832827	0.1674220208	-1.002360691
	0.1108947765	-0.7303464269	0.130819186	-0.7827923157	0.09559283387
	-0.6903568888	0.36461722	-1.952183494	0.08466604193	-0.6654338432
	0.07673944579	-0.6468962052	0.07063917012	-0.6321836204	0.4185512392
	-2.064653162	0.3889808534	-1.89523233	0.308762692	-1.553882911
	0.3297584876	-1.600332997	0.2094072385	-1.154640565	0.2404762391
	-1.278253097	0.170147576	-1.031298796	0.07200748343	-0.6375330245
	0.1373875393	-0.9129378607	0.1343067638	-0.8342604998	0.1339582505
	-0.8841195138	0.1124131102	-0.7643561629	0.09544025485	-0.7307010537
	0.08937217503	-0.6959352804	-0.3676909971	2.025871555	0.1074869367
	-0.4982587483	0.07311071993	-0.6531892015	0.07948915531	-0.670317993
	0.06849235288	-0.6516921637	0.2389239848	-1.222968246	0.2532757075
	-1.33152444	0.2188651707	-1.219405254	0.1766362514	-1.065323378
	0.1382233642	-0.9274074103	0.06975122282	-0.6579455692	0.1045744143
	-0.8110516126	0.111430556	-0.8051606082	0.09353847429	-0.7509390961
	0.08306187441	-0.6959445697	-0.9811775057	5.627106578	-0.1970244895
	1.23384711	0.08602061106	-0.4211467125	0.07422989732	-0.6732943809
	0.06529184887	-0.6631011717	0.1572925624	-0.8855864456	0.1752868024
	-1.022264832	0.08276796787	-0.4950579569	0.1235105319	-0.875357385
	0.1408881991	-0.9226854804	0.08973039317	-0.7661318838	0.09789391869
	-0.7921030182	0.06678294305	-0.6683962701	0.0717168617	-0.6842279639
	0.08899846143	-0.7558945725	0.07953736165	-0.7126976487	0.07571599855
	-0.7199772958	-0.8420308233	4.766491524	-0.3185170798	1.936249648
	-0.04214446145	0.2619003595	0.06089000763	-0.6642298706	0.1181670332
	-0.7684201358	0.03332729132	-0.2609012148	0.1011239319	-0.7714376371
	0.08653673234	-0.6705160546	0.0818146777	-0.7165254139	0.07506911183
	-0.7143234337	0.06240055396	-0.669425426	0.06650246883	-0.6843486385
	0.0753133249	-0.7159952907	0.0655169358	-0.6855872439	0.03900824505
	-0.246900503	-0.1664954683	1.003474201	-0.0558563777	0.3150377451
	0.2197337482	-1.240273908	0.05537805357	-0.6534498819	0.06086974311
	-0.4908094089	0.03269230748	-0.3130831658	0.06657859539	-0.6347435705
	0.06061747425	-0.5666352788	0.05930021182	-0.633666744	0.05335291824
	-0.6274963003	0.05661707798	-0.6576730981	0.05872576633	-0.6644570697
	0.05266033434	-0.6381761332	0.9495458196	-5.075405749	0.05320617107
	-0.4062021378	0.1329307115	-0.8389219369	0.4189247657	-2.350268109
	0.04893341551	-0.6300894489	0.04574251145	-0.4699719058	0.0404163959
	-0.4236761239	0.0480005021	-0.5406235313	0.04425190009	-0.5600298616
	0.04361052213	-0.5850214602	0.04589516171	-0.6072197441	0.04824215137
	-0.6250416775	1.009118799	-5.153407829	0.1288739605	-0.8506545155
	0.06465212148	-0.5212381123	0.1996141374	-1.157873256	0.04215036571
	-0.5950729738	0.03559359532	-0.4472761981	0.02228032294	-0.3387083689
	0.0321439864	-0.4693916977	0.03501277111	-0.5156536625	0.03712461157
	-0.5492538985	0.03925392563	-0.5739328072	0.05363392118	-0.2264908354
	0.001832613274	-0.1779793608	-0.2151659361	0.9826991984	0.03557002052
	-0.551307126	-0.01238856641	-0.1291648899	0.01888252183	-0.3611977666
	0.02631506822	-0.4399268266	0.02888199268	-0.4772275343	0.03278785644
	-0.5249278896	-0.9784092606	4.661025279	-0.113958599	0.4542870066
	-0.4209533605	2.002962975	0.0300210105	-0.5024124012	-0.002555660866
	-0.197345338	0.01588433927	-0.324018219	0.02535159214	-0.4221894004
	0.02805863804	-0.4747130118	-1.044311786	4.756241923	-0.1170681707
	0.5328703033	-0.07926966425	0.2955816547	0.02699151008	-0.4559583338
	0.01413005711	-0.2523710851	0.03247320515	-0.4097219992	0.02771444399
	-0.4317456481	0.0570572767	-0.2846803135	0.2491031549	-1.206721019
	0.02574903529	-0.4085374557	0.084115679	-0.5888242329	0.04178672253
	-0.4421586353	0.3421065961	-1.642802817	1.068178281	-4.568515239
	-0.003349864199	-0.2197412859	0.1009135397	-0.6542056805	0.1168911565
	-0.6251047796	0.8982546314	-3.690001578	-0.1591937489	0.5477654106
	-0.3746010458	1.523657719	-1.114585957	4.338215219	

(-0,-1.06004)
