1154	
	-0.2501468059	-1.747148725	-0.09378305857	-0.6579240567	-0.1630232147
	-1.136657646	-0.03092049027	-0.2193943179	-0.03777903909	-0.2663457638
	-0.04665507684	-0.3269777824	0.0561008512	0.3910810478	-0.009446850594
	-0.0696808894	-0.01333409442	-0.09642562954	-0.00245559214	-0.01962842018
	-0.002913126456	-0.02446151493	0.05258782489	0.3653805451	0.2363296746
	1.64306824	0.05481714639	0.3807975444	-0.003878524214	-0.03080888671
	0.0008150374343	0.002749902226	0.02411303442	0.1663201312	-0.00144270608
	-0.01431696156	-0.0009017803243	-0.01096019648	-0.0003597088386	-0.007765270676
	-0.000197289057	-0.007203437558	-0.0001839902381	-0.007612757878	-0.0002004339439
	-0.008136021252	-0.0002186420754	-0.008566285258	0.145725647	1.013432752
	0.2446656045	1.697641748	0.04359288037	0.3029167019	0.1085772788
	0.7515171913	0.0009685342853	0.003137117056	0.005392987617	0.0347010279
	0.02008254523	0.1381500098	0.0001386879639	-0.003426623183	-0.000448081212
	-0.00794033046	-0.0001867642275	-0.006961845063	-0.0002344837156	-0.008917625819
	-0.0001745476219	-0.007434641493	-0.00019369759	-0.007984514203	-0.0002301101657
	-0.008824680018	-0.0002137338753	-0.008454704511	-0.0002280798513	-0.008769452273
	0.01616155815	0.1123065703	0.06481735147	0.4509660934	0.02706400208
	0.1877254221	-0.1349223865	-0.9331055979	0.002111261142	0.01092521781
	0.007892849409	0.05226628846	0.009257003339	0.062262625	0.0007091346035
	0.0003719817602	-2.95541616e-05	-0.005208519721	-8.481568967e-05	-0.006155779435
	-0.0001434324379	-0.007070202063	-0.0002390777674	-0.009005507742	-0.0001806007001
	-0.007804230685	-0.0002149078064	-0.008488539078	-0.0002402628807	-0.00902062413
	-0.0002354495015	-0.008891210519	-0.0002353523643	-0.008907970892	-0.09947290181
	-0.6884809006	-0.01053040058	-0.07329724025	0.00773783896	0.05234869582
	-0.02576372759	-0.1808146688	-0.2806121638	-1.935362243	0.001773053043
	0.008294614335	0.002664629253	0.01498385327	0.002099097802	0.01148515261
	0.0005357934536	-0.001186433018	0.0001290709381	-0.004545135971	-6.950569511e-05
	-0.006503853419	-0.0001652547158	-0.0076838707	-0.0002525167175	-0.00925299756
	-0.0002094917496	-0.008399063418	-0.0002553408042	-0.00929664372	-0.0002537615511
	-0.009200631876	-0.000259708139	-0.00935608011	-0.1577309623	-1.090027568
	-0.05920011707	-0.4118326037	-0.004332305198	-0.03379185343	-0.009205781171
	-0.06646954349	-0.02245583782	-0.1589686915	-0.2265585975	-1.558347962
	0.0004985489606	-0.001085321499	-0.001315511163	-0.01322371341	0.0001042377719
	-0.004643893904	-9.094700716e-05	-0.006677829735	-0.0001890956677	-0.007991300394
	-0.000276580871	-0.009696063068	-0.0002592537009	-0.009234008562	-0.0002849814072
	-0.009840956456	-0.000288490262	-0.00982719235	-0.001806149617	-0.01751812348
	-0.1023159392	-0.7081309815	-0.04655407936	-0.3249893964	-0.00692105239
	-0.05222939238	-0.008392190699	-0.06262967877	-0.01713383781	-0.1225364395
	-0.03297817216	-0.2256057039	-0.0006862561112	-0.009966372997	-0.0003009098997
	-0.008240708211	-0.0002287525323	-0.008218297214	-0.0002673970079	-0.009204455706
	-0.001050243202	-0.01315231118	-0.0003110923544	-0.01033516826	-0.0002983782048
	-0.009871563089	-0.0003263374164	-0.0105728104	-0.001980575727	-0.01926188128
	-0.009170554414	-0.06550696792	-0.007931705683	-0.05829322923	-0.003809732225
	-0.03154787993	-0.00145189292	-0.01474359121	0.001352061649	0.005305838847
	0.1883227631	1.289367155	-0.0002989027707	-0.009292332441	-0.0006671066579
	-0.01095702089	-0.0003831590237	-0.00970646754	-0.0003209327871	-0.009982868054
	-0.0007528403755	-0.0117652977	-0.0003552176295	-0.01115595992	-0.0003706972204
	-0.01143004175	-0.0003426341218	-0.01063740273	-0.0003570594378	-0.01105223056
	-0.001144946352	-0.01393834157	0.09153498608	0.6264468485	0.03895186841
	0.2651215135	0.01717720259	0.1147370547	0.0009792287494	0.001317445143
	0.00750807507	0.0472816014	0.2930718529	1.999606062	0.134037761
	0.9167296375	-0.000374147971	-0.01030609639	-0.0004492677052	-0.01039888493
	-0.0003764518048	-0.01099737722	-0.0003748962495	-0.0101352694	-0.0002446250649
	-0.008693205833	-0.0004104059927	-0.01218320297	-0.0004088211066	-0.01213342678
	-0.000400067954	-0.01189934982	-0.0003855241612	-0.01148793204	-0.0003904961778
	-0.01158081835	0.0004862906914	-0.002968295797	0.02709855008	0.1834480289
	0.06059352451	0.4141717059	0.01191097046	0.07780435022	0.004333606896
	0.02437936939	0.04653275656	0.3178373183	0.2120989542	1.441710118
	0.09499364374	0.6484866606	-0.007380207706	-0.05104262094	-0.0003633011813
	-0.01075925378	-0.000139777853	-0.009099409436	0.0004034642363	-0.004698972486
	-0.0004714638729	-0.0133043736	-0.0004795937649	-0.01346648382	-0.0004605236494
	-0.01308582376	-0.0004322068316	-0.01254008553	-0.0004053822455	-0.01245239362
	0.00184559225	0.006084725193	0.003012243594	0.0144606401	0.02186266078
	0.1476002819	0.008853780578	0.05657663172	0.004247972342	0.02342725056
	0.002661304698	0.01765402382	-0.004029995991	-0.03054471652	0.000116141457
	0.001860895279	-0.1037840312	-0.703237854	-0.2266897284	-1.530869489
	-0.0002855358507	-0.01116442112	-1.424212191e-05	-0.008926228839	0.0006269513087
	-0.003758563847	-0.0005695322013	-0.0150608511	-0.0005273943293	-0.01433523879
	-0.0005560001073	-0.01483308304	-0.0004778588714	-0.01353654982	-0.0004039953823
	-0.01291894296	-0.0004910125537	-0.01392017476	0.001644152832	0.004093770272
	0.0003222245498	-0.002538911267	0.000276971354	-0.004617233957	-0.009480603734
	-0.07081836479	-0.02440214484	-0.1709496959	-0.04738752255	-0.3243148863
	-0.1450332652	-0.9814859972	-0.2065952894	-1.380967696	-0.3102859714
	-2.085342448	-0.0003891943448	-0.01307194127	-0.0001333842087	-0.01043323071
	-0.0003837877177	-0.01200304198	-0.0006840708516	-0.01700925171	-0.0006314561907
	-0.01612674224	-0.0006837848564	-0.01699930626	-0.0005933520861	-0.01555857975
	-0.0005396385827	-0.0148539081	-0.000704007169	-0.01726987178	-0.0007215035794
	-0.01727896033	-0.001141175308	-0.01633308826	-0.004578057253	-0.03903054125
	-0.01385997783	-0.1020704344	0.02429996921	0.163246276	-0.03040547588
	-0.2127949639	-0.06680163991	-0.4573315626	-0.04415939102	-0.3047558189
	-0.09633413531	-0.6524556112	-0.0006408950224	-0.01590356574	-0.0005454755616
	-0.01426681119	-0.001102575248	-0.0177808806	-0.0008292892261	-0.01937125373
	-0.000810495752	-0.01897444086	-0.0008296425257	-0.01934684779	-0.0007753819981
	-0.01828310156	-0.0008830748535	-0.01937492633	0.2509368789	1.661486568
	-0.002855467007	-0.0292716586	-0.006277990318	-0.0523618549	-0.008966809427
	-0.06992985873	0.1170316565	0.7738427532	0.01582413212	0.1000700615
	-0.01996828584	-0.1431817402	0.000486913092	-0.004496557289	-0.0009457086739
	-0.01927470636	-0.001693994815	-0.02275706202	-0.001028003828	-0.01877135253
	-0.001006454334	-0.02217811687	-0.0009924081712	-0.02174062665	-0.0009954218592
	-0.02194551868	-0.0009668420305	-0.02105011657	-0.001104685894	-0.02240202829
	0.3353770953	2.204838373	0.1603089663	1.059298019	-0.002195234255
	-0.02644514759	-0.002344469224	-0.02760481486	-0.001451269334	-0.02066958677
	0.0006375368746	-0.005274299256	0.05334711082	0.3504012584	0.004602167539
	0.02255086935	0.07572395919	0.5002023341	-0.001151948244	-0.02187793367
	-0.00133062441	-0.02218592822	-0.001221903499	-0.02549062919	-0.001202759952
	-0.02492409809	-0.001203309587	-0.02516128495	-0.001177656128	-0.02415285666
	-0.001258934794	-0.02474428508	0.2321749274	1.514029277	0.1037515755
	0.6831722273	0.05183462084	0.3418500254	-0.001636196971	-0.02425615655
	-0.0003322343034	-0.01490460062	0.003606658618	0.013124165	0.009950759735
	0.05765677146	0.02736115515	0.1762072879	0.03397424132	0.221082351
	-0.001288084749	-0.02409810737	-0.001361771127	-0.0238204723	-0.001474937123
	-0.02933297525	-0.001409079124	-0.02805840065	-0.00148660344	-0.02943237889
	-0.001403674805	-0.02758740474	-0.001578050145	-0.03040100834	-0.001403963772
	-0.02713555379	-0.007866477823	-0.05337650619	-0.366120313	-2.326078079
	-0.2510529196	-1.613191256	-0.006546616714	-0.03951183479	-0.00627906899
	-0.04067914764	0.01812636862	0.1159506935	-0.0008645288686	-0.02025752618
	0.001349782054	-0.004369769823	0.005734089908	0.02716370407	0.01482176701
	0.0907761721	-0.001559168867	-0.02963726499	-0.001399437501	-0.02714473646
	-0.001135526724	-0.02444157449	-0.001841827067	-0.03373194568	-0.001769382065
	-0.03356678192	-0.001778094512	-0.0338129212	-0.001770100384	-0.03337715823
	-0.001716421189	-0.03228786748	-0.2963566584	-1.858794617	-0.1201375271
	-0.7754409016	-0.1822557835	-1.171649763	-0.05771717469	-0.3777820308
	-0.004690475655	-0.03556284727	0.006053702777	0.03188954723	-0.0002634871491
	-0.01744025416	0.001174672376	-0.006566754864	0.003104740224	0.008824611879
	-0.001290085063	-0.02722691022	-0.001593458359	-0.03040780325	-0.001731110214
	-0.03172540255	-0.002269608892	-0.03907594845	-0.002064977302	-0.03710442604
	-0.002129617187	-0.0386931664	-0.002148956463	-0.03907469383	-0.002128601194
	-0.03840945065	-0.1359566894	-0.8721244943	-0.07820514643	-0.4807112506
	-0.09046136662	-0.5921726474	-0.02815772846	-0.193274378	-0.01384017541
	-0.1023073994	-0.003312390566	-0.03543121921	-0.00117184305	-0.02587253363
	-0.001130231576	-0.02343261866	-0.002206180527	-0.03751380558	-0.002444196195
	-0.03826122641	-0.002840972791	-0.04570911113	-0.002413971578	-0.04164640328
	-0.002570913898	-0.0447104474	-0.002599039565	-0.04523275717	-0.002875483155
	-0.04779622916	-0.002577950446	-0.04437650852	0.1820310141	1.114638305
	0.3730258099	2.237495858	0.4156110453	2.436982024	-0.0672523149
	-0.445009051	-0.03730708089	-0.2481309559	-0.02702693472	-0.1916020592
	-0.03849632381	-0.2635613482	-0.02220086782	-0.1598269107	-0.007907686248
	-0.06954273185	-0.0121157806	-0.09740587329	-0.004792257182	-0.05008973767
	-0.002879551412	-0.03931342875	-0.003144924863	-0.05242047186	0.3011438655
	1.717396269	-0.00327004434	-0.04578415318	-0.003190244352	-0.04761018607
	-0.003351288227	-0.05144002171	-0.003198393462	-0.05121455628	-0.003101494169
	-0.05171295635	-0.003198587894	-0.05231857137	0.09705047463	0.5851067328
	0.1947363202	1.173930188	0.214046616	1.279966105	-0.004734130441
	-0.04866233048	0.0502550233	0.2964402669	-0.006699502598	-0.06201653505
	-0.01549671926	-0.119587688	-0.007843226579	-0.07298729932	-0.006888766586
	-0.06624033817	-0.005035034369	-0.05711453867	-0.004272692415	-0.05500341652
	-0.006941280804	-0.06719138195	-0.003785344088	-0.06068139107	0.07468126795
	0.4063359692	-0.1750805855	-0.9440265741	0.1442311496	0.8585868019
	-0.003988788977	-0.05580338959	-0.003913018272	-0.05764194244	-0.003734349853
	-0.05714866298	-0.00385669879	-0.06046733723	-0.003780572027	-0.06032397454
	0.1050211365	0.6399367772	0.09213644062	0.5580738985	0.07098160354
	0.4321202657	0.07065760034	0.4398217507	0.02489236548	0.1399520632
	0.0007896609635	-0.01509144149	0.005624428168	0.01625103581	-0.0008453351557
	-0.02785350478	-0.004505489768	-0.06000160354	-0.005822503549	-0.0626865623
	-0.004983908039	-0.06071330755	-0.004224779375	-0.05345229751	-0.004547303683
	-0.070192505	0.02608787536	0.1815871447	-0.1241194792	-0.6340630617
	-0.3770936368	-1.929197105	-0.4905062785	-2.357476306	-0.002192958157
	0.0259420965	-0.00529585746	-0.07183232592	-0.004686294243	-0.06542189694
	-0.004489483048	-0.06588739131	-0.004645254551	-0.06963670728	-0.004595719973
	-0.07036964977	0.04549662341	0.2814633768	0.04325676777	0.2579323077
	0.02724413467	0.177881972	0.01755554306	0.09565294893	0.003685083679
	0.00330513317	-0.002789600871	-0.04428195606	-0.005085982568	-0.06658842499
	-0.004855955097	-0.06179546555	-0.005448345262	-0.08109176389	-0.07664243885
	-0.3839057547	-0.2482899569	-1.255856368	-0.50710152	-2.246855834
	-0.3201383962	-1.555198633	-0.4534420027	-1.798288083	-0.01757272904
	-0.07586094501	-0.07054907983	-0.36764019	-0.006091861518	-0.07983314506
	-0.005428014033	-0.07860968735	-0.00559205229	-0.07802244649	-0.005428921798
	-0.08034040641	0.01780620773	0.1035437637	-0.002674652169	-0.01087069838
	-0.02289947583	-0.1360665573	0.00235189227	-0.0009218246726	-0.003281112661
	-0.04629683411	-0.005592763855	-0.0683602865	-0.00716953301	-0.08973136466
	-0.006240172417	-0.07759507146	-0.006511177481	-0.0935326972	-0.3628614082
	-1.22743211	-0.1092831679	-0.5707253524	-0.1720806008	-0.8745278434
	-0.3310407001	-1.513839907	-0.2141576053	-1.062179339	-0.3097990933
	-1.316149053	-0.04488179861	-0.2501142273	-0.07663718066	-0.4234222387
	-0.007060862691	-0.09303158505	-0.006677601659	-0.09250144256	-0.006661249048
	-0.09445241998	-0.01936088532	-0.1296589305	-0.007625065956	-0.05757529313
	-0.03520367913	-0.2173527483	-0.008115002992	-0.08521000549	-0.007772986869
	-0.07265434088	-0.009049485874	-0.09914622076	-0.008456666339	-0.1006748243
	-0.008700262169	-0.1084551613	-0.007732754519	-0.1075161589	-0.2661504437
	-0.7051622777	-0.2631456624	-1.009699668	-0.1459431865	-0.7499723293
	-0.2154612049	-1.038475922	-0.2119395	-0.9602586658	-0.05577548047
	-0.3338124703	-0.1015649311	-0.5507160893	-0.008263264034	-0.1090199589
	-0.007830613859	-0.1075335867	-0.02570657954	-0.1800007103	-0.0168165039
	-0.1266222638	-0.03515994527	-0.2365583161	-0.04788985329	-0.3098062233
	-0.01199295101	-0.1198645939	-0.01301839339	-0.1168044621	-0.01084553806
	-0.1201604734	-0.1826893168	-0.3176826785	-0.01031565219	-0.1227808695
	-0.009678208943	-0.1231766919	-0.009083946512	-0.1228163775	-0.1977790696
	-0.6585785224	-0.1884269492	-0.8036761222	-0.1462095084	-0.7121368377
	-0.1486973969	-0.7480457083	-0.07254623849	-0.4230726238	-0.09697434205
	-0.5312161889	-0.05827637952	-0.3632797487	-0.009339563133	-0.124097871
	-0.03946427191	-0.2779905547	-0.02007726716	-0.1618227139	-0.03176597467
	-0.2355170582	-0.01564845515	-0.1453038475	-0.01511894631	-0.152989052
	-0.0123205608	-0.1360214535	-0.1201024207	-0.08011604732	-0.1391791836
	-0.3777422655	-0.0103362292	-0.1326410362	-0.01115908274	-0.1342783109
	-0.01048255104	-0.1387356507	-0.1434302156	-0.5659404918	-0.133229373
	-0.6128789336	-0.1005268931	-0.535423738	-0.07070022486	-0.4192981658
	-0.04679817187	-0.3162494909	-0.01090649349	-0.1413661041	-0.02904233661
	-0.237618369	-0.0229344482	-0.1952878591	-0.01873807752	-0.1803134572
	-0.0131185397	-0.1476196529	-0.08141073476	0.02790084586	-0.09522578166
	-0.2104865346	-0.1117508568	-0.4020560808	-0.01191611302	-0.1457038963
	-0.0118187326	-0.1543311642	-0.1031186528	-0.4721908796	-0.09449849659
	-0.4819185987	-0.08414192523	-0.3721625062	-0.0499769316	-0.3314011184
	-0.06711243665	-0.395220865	-0.02814676696	-0.2395339589	-0.03613427201
	-0.2754041004	-0.01224893572	-0.1563079597	-0.0135110733	-0.1612753035
	-0.02197605847	-0.2052054823	-0.01611232866	-0.1734767788	-0.02255324829
	-0.2166813076	-0.06114724602	0.06523868193	-0.06823346395	-0.1017211042
	-0.07112123645	-0.2480746098	-0.01290042261	-0.1680926372	-0.07380031318
	-0.3907509609	-0.06215674887	-0.2817949124	-0.04877024904	-0.3194448242
	-0.05179147624	-0.3145167351	-0.03558158572	-0.2695935444	-0.02601001464
	-0.2337752235	-0.01343155487	-0.170463895	-0.0151539033	-0.1787425536
	-0.01930427294	-0.1983946229	-0.02019596375	-0.2094322854	-0.050051936
	0.07786909646	-0.05304194357	-0.03623564663	-0.05433015679	-0.1667948043
	-0.04169131041	-0.003098413503	-0.01353103712	-0.1782981032	-0.05290557082
	-0.2882020432	-0.04217907422	-0.1945924773	-0.0336297098	-0.2533553826
	-0.03813057834	-0.2539558861	-0.02542900458	-0.2279868435	-0.01965519067
	-0.2079465247	-0.01426112705	-0.1818636412	-0.01632672995	-0.1924938587
	-0.01638677564	-0.1955306308	-0.04248526106	0.0806616979	-0.03874097447
	-0.1340906526	-0.03570764696	-0.0707336912	-0.03424043219	0.008166989771
	-0.01354082715	-0.1834593553	-0.03401695647	-0.2140097071	-0.03005020273
	-0.1690064152	-0.02702392159	-0.2160836672	-0.01999465239	-0.2012453991
	-0.01585576871	-0.1922647052	-0.01480185982	-0.1896681196	-0.01413179682
	-0.1867883284	-0.03633922604	0.07766852247	-0.02767353097	-0.0498929794
	-0.03020295954	-0.1164696961	-0.0275085162	0.01365673355	-0.01285643282
	-0.1826291148	-0.02426036869	-0.1811908479	-0.02169262009	-0.1362949222
	-0.01750898533	-0.1763471902	-0.0150691871	-0.1803647999	-0.01351014633
	-0.1815510619	-0.01277640398	-0.1817188083	-0.03031142445	0.06982123035
	-0.02070673391	-0.05518500491	-0.02060529706	0.002333486456	-0.01147519601
	-0.1760603362	-0.01648823628	-0.0987802133	-0.0146673583	-0.1454725304
	-0.01258010251	-0.1588709283	-0.01075881019	-0.1624446731	-0.01094333635
	-0.1713882262	-0.02309008512	0.05584448948	-0.01414258577	-0.05276832124
	-0.01325043174	-0.007013493974	-0.009208773788	-0.1636467365	-0.01183977862
	-0.1107786714	-0.008224350544	-0.122700607	-0.00749947313	-0.1415963875
	-0.008318045649	-0.1562032423	-0.01356921639	0.03390768915	-0.004112953318
	-0.02416544535	-0.007280580001	-0.05699142638	-0.005871406365	-0.1471577937
	-0.004236390532	-0.09431531266	-0.003316085179	-0.119629651	-0.004086548584
	-0.1358793636	-0.0007438175314	0.001986242896	0.004999625878	-0.05575815403
	-0.0008660561117	-0.1298841138	0.00191154955	-0.09627464036	0.002967115633
	-0.1161709055	0.01305262205	-0.07712275571	0.01481516745	-0.03804236837
	0.007547158848	-0.1175898324	0.009047676005	-0.1023194956	0.02465220569
	-0.1037624611	0.03270186453	-0.08464603446	0.02370206505	-0.1195852417
	0.04948665699	-0.1284779268	0.06117830302	-0.1587687118	

(0,7.22414)
