1154	
	-0.02470520376	-0.06585615484	-0.02075716007	-0.05958057176	-0.02441324711
	-0.06481397552	-0.01730923589	-0.05470926851	-0.01943172957	-0.05733046304
	-0.02170467044	-0.06038043751	-0.02370950965	-0.06268708751	-0.01445750261
	-0.05116245461	-0.01609076856	-0.05296826818	-0.01762419877	-0.05445913573
	-0.01211582242	-0.04864342328	-0.0206961904	-0.0579551564	-0.0225471607
	-0.05935152436	-0.0183610911	-0.05427061847	-0.01339597904	-0.04983934164
	-0.01510180965	-0.05133193154	-0.01642935857	-0.05207651626	-0.01139141734
	-0.04786677639	-0.01020237889	-0.04689411882	-0.008686086758	-0.04577099806
	-0.007424488296	-0.04498620617	-0.006464355412	-0.04453537633	-0.00574922958
	-0.04428547258	-0.005249931825	-0.04415751688	-0.02011319877	-0.0555906475
	-0.02094561001	-0.05487541896	-0.01626338991	-0.05044074321	-0.01908271157
	-0.04974085747	-0.0124310534	-0.04843843683	-0.0136419728	-0.04926454256
	-0.01467345306	-0.04953446735	-0.0104213186	-0.04673623709	-0.009674912676
	-0.04639453912	-0.007740340801	-0.04511708368	-0.00487007589	-0.04408670161
	-0.006657595846	-0.04458616893	-0.005923487932	-0.0443240212	-0.00496572709
	-0.04410242477	-0.005374373575	-0.04417342767	-0.005034136818	-0.04410971018
	-0.01664922948	-0.04632422317	-0.0167810679	-0.04920678946	-0.01465730133
	-0.04697085969	-0.0168296397	-0.04362755907	-0.01122190552	-0.04692107653
	-0.01257802304	-0.04735940583	-0.01243271654	-0.04587988411	-0.009533255357
	-0.04562037478	-0.009021188094	-0.04574188668	-0.007843273821	-0.04503652279
	-0.006890027655	-0.04459852213	-0.004789169093	-0.04407183508	-0.006049429209
	-0.04427845998	-0.005325866625	-0.04410732531	-0.004782787367	-0.04406768736
	-0.004927783606	-0.044040066	-0.004901909043	-0.04407016278	-0.01448632024
	-0.04082668567	-0.01436003063	-0.04374512609	-0.01279854765	-0.04446315793
	-0.011282479	-0.03963451378	-0.01430666491	-0.03686746661	-0.009912753237
	-0.04506198869	-0.01026799643	-0.04447749411	-0.01051288844	-0.04350042909
	-0.008512783908	-0.04447046961	-0.00780677126	-0.04457497206	-0.006827108703
	-0.04423931284	-0.006001038752	-0.04406593482	-0.004574598244	-0.04404145435
	-0.005386231869	-0.04403033707	-0.004541939916	-0.04402769112	-0.00464579455
	-0.04392271856	-0.00449911579	-0.04399077653	-0.01233661099	-0.0348740187
	-0.0117255468	-0.03794370826	-0.009105745753	-0.04053041436	-0.01077397136
	-0.04092980102	-0.009313250719	-0.03660115995	-0.01153485147	-0.02953351531
	-0.008566520263	-0.04328478797	-0.008769185463	-0.0416406981	-0.007470094323
	-0.04340386926	-0.006538390721	-0.04352641637	-0.005671435422	-0.04368487474
	-0.004200545658	-0.04401895006	-0.004617869876	-0.04378376805	-0.004083138918
	-0.04400348551	-0.004103465602	-0.04386554542	-0.00717301674	-0.04029138144
	-0.01001654125	-0.03033771686	-0.008957292378	-0.03203106194	-0.007967266116
	-0.03812206484	-0.006800760588	-0.03474980566	-0.007369923757	-0.03235469746
	-0.00864089955	-0.02196860321	-0.007176758132	-0.04160821986	-0.006038195414
	-0.04242783423	-0.005557968004	-0.04309981495	-0.004649525157	-0.04346571557
	-0.005808751168	-0.0401934048	-0.003682063747	-0.04405592498	-0.004062714861
	-0.04360343537	-0.003488593092	-0.04398521831	-0.005832123278	-0.03836896515
	-0.007408019246	-0.02374312684	-0.006671409473	-0.02654091775	-0.005915211208
	-0.03624372149	-0.005015394609	-0.03113654048	-0.00531193701	-0.02776773028
	-0.005584902547	-0.01408843312	-0.004663170252	-0.04290907056	-0.00533172567
	-0.04092248978	-0.004631990205	-0.04204681143	-0.003980368768	-0.04313087842
	-0.004407729337	-0.03906691597	-0.003041485869	-0.04419088068	-0.002830449788
	-0.04422402942	-0.003397615688	-0.04347630879	-0.003079862623	-0.04381684926
	-0.004473251881	-0.03669760812	-0.004680297985	-0.01698428228	-0.004249267589
	-0.02085015728	-0.003644346588	-0.02416884104	-0.00365777404	-0.03221168997
	-0.003093565615	-0.02738764182	-0.002428787188	-0.006070059128	-0.002089911948
	-0.01070842602	-0.003740213508	-0.04219872061	-0.003949022821	-0.04099871951
	-0.00292464066	-0.04259692936	-0.00312505193	-0.03973236891	-0.003112009179
	-0.03750649223	-0.002283555828	-0.04450820538	-0.002296436028	-0.04439401202
	-0.002408994747	-0.04404007027	-0.002614934938	-0.04341098378	-0.002197902738
	-0.04248980187	-0.002974556127	-0.03448389434	-0.001391821888	-0.01948496382
	-0.001740561877	-0.01514669758	-0.001057884002	-0.02363315151	-0.001900796413
	-0.02937584551	0.0004450516437	-0.0103280015	0.0007647268235	0.001910169282
	0.0007884123548	-0.003881960895	0.003988455078	0.009814859124	-0.002622045579
	-0.04117822378	-0.001883625585	-0.03886909409	-0.001701327477	-0.03605638308
	-0.001468408253	-0.04491057459	-0.001398522917	-0.04511187349	-0.001497210168
	-0.04446009929	-0.001669120146	-0.04361417675	-0.001108219035	-0.04255025207
	-0.001363514889	-0.03236206507	-0.0005359921889	-0.02946580409	0.0003810233781
	-0.01597657403	0.000712827855	-0.02062190585	0.0004324248958	-0.02595697191
	0.003036290352	-0.004878264	0.003290902855	-0.01055873378	0.003452848676
	0.002246236934	0.006345186558	0.008680346185	0.007183260735	0.01747780487
	-0.001058984574	-0.0407524996	-0.0005332831258	-0.0382011141	-0.0001982700089
	-0.03482769253	-0.0004034443718	-0.04612728037	-0.0006241676604	-0.04511084196
	-0.0004843636583	-0.04583276497	-0.0008314211683	-0.04397709419	-0.0001385363922
	-0.04192594816	-0.0002768219883	-0.04368815298	0.0004721646717	-0.03044870045
	0.00252601337	-0.01777439643	0.002350169434	-0.02367134224	0.004691348737
	-0.01480428162	0.005671478541	-0.006572808195	0.005663297005	0.0004081931117
	0.009194416494	0.01473887628	0.01340248132	0.03179386024	0.01032146606
	0.02481192773	0.0006790339714	-0.04092122553	0.0006142150345	-0.03796042938
	0.002164492474	-0.03374823314	0.0006849995708	-0.04767391936	0.0004718326305
	-0.04631933144	0.0007425787968	-0.04751217767	0.0005189092175	-0.04513465547
	0.0007295678307	-0.04346289125	0.001254968814	-0.04684337841	0.002037263613
	-0.04470384198	0.003060242941	-0.02838619781	0.00433764906	-0.02164849007
	0.006870064547	-0.01237366889	0.01637056151	0.03826845641	0.007519177827
	-0.003770787174	0.008686822892	0.006039253659	0.01088260478	0.009705985597
	0.01201160397	0.02044592108	0.002067659588	-0.04166491854	0.002111964397
	-0.03799889387	0.003434377484	-0.0336318442	0.001860091295	-0.04991389468
	0.001960030839	-0.0487451965	0.001920908323	-0.04969553831	0.00200149513
	-0.04703986068	0.003038022364	-0.0460924084	0.01929492135	0.04437171274
	0.004896110505	-0.02771509856	0.007132072322	-0.01985764766	0.009084714364
	-0.01040201221	0.01729332735	0.02996827738	0.01479303811	0.02566319005
	0.009894899384	-0.0006685223622	0.01303855166	0.01296533305	0.0035241393
	-0.0430630998	0.004751310664	-0.03380509107	0.00366342621	-0.03871636556
	0.003108664039	-0.05301731427	0.00323610645	-0.05156161145	0.003088902842
	-0.05251747037	0.003313911643	-0.04953243725	0.00445728609	-0.04874919434
	0.02213110554	0.0499667792	0.01993433523	0.03401459995	0.006204848401
	-0.03125853179	0.007840335173	-0.02793449614	0.009676722218	-0.01954607642
	0.01096096117	-0.009344844592	0.01557027419	0.01628911515	0.01227792174
	0.001850711025	0.01849206634	0.01927471901	0.00478050989	-0.04486294022
	0.005267075917	-0.04023977597	0.004442411045	-0.05721447783	0.004579098718
	-0.05538537145	0.004399111406	-0.05651458884	0.004693010439	-0.05296609507
	0.005585019316	-0.0515004786	0.0248560914	0.05496725464	0.02278092278
	0.03779483681	0.02062590075	0.02070988913	0.007337205045	-0.03573993459
	0.009764285766	-0.02935441117	0.01175880821	-0.02031973629	0.01284010576
	-0.008956414669	0.01465466844	0.003621470435	0.01705291512	0.004513172629
	0.006078687027	-0.04732102643	0.006940756869	-0.04259550209	0.005832148345
	-0.06268613563	0.005792607829	-0.05971475317	0.005970695729	-0.06256388332
	0.006131044529	-0.05759837791	0.00688915926	-0.0626524468	0.006748455555
	-0.05496751251	0.02756763349	0.05954526095	0.03319891373	0.06766999342
	0.03034146996	0.06379600279	0.02522783952	0.04030694507	0.02317575971
	0.02167570736	0.01945940761	0.004364325001	0.009158346538	-0.03826600424
	0.01174383381	-0.0318345271	0.01388491907	-0.02213688522	0.01579123033
	-0.00958871631	0.007905184173	-0.05896819242	0.008248002373	-0.05303213723
	0.009365918023	-0.04798761845	0.009538442277	-0.06579983132	0.007345310955
	-0.06902350059	0.007289247747	-0.0696909549	0.007637399983	-0.06793918314
	0.007939090408	-0.06490826072	0.03611112297	0.07099559547	0.02769040383
	0.04227306	0.03048053058	0.04370037182	0.02537300535	0.02162316696
	0.02134978037	0.003388170087	0.01812193072	-0.01141261514	0.01104146811
	-0.0418906919	0.01378174201	-0.03572290963	0.01607516518	-0.02528236738
	0.01117164019	-0.05365796982	0.009932893791	-0.05900190743	0.01269510196
	-0.05923894271	0.01124374006	-0.07446458719	0.009536252747	-0.07291025829
	0.00886463273	-0.07761892283	0.008832627436	-0.07854581643	0.009187905175
	-0.0763652547	0.0335282513	0.04236148353	0.03929696143	0.07404953785
	0.02810081302	0.02057748298	0.023521999	-0.00338613397	0.02146897841
	-0.01668837645	0.01836462145	-0.03000433314	0.01392859565	-0.0502776394
	0.01591947424	-0.0410025117	0.01232440131	-0.06968659321	0.01425566296
	-0.06614546522	0.01304523569	-0.08545695986	0.01086510678	-0.08065414093
	0.01047189225	-0.08829854736	0.01045599236	-0.08953742141	0.01203957095
	-0.09244135755	0.01082952401	-0.08685593597	0.04287183385	0.07680798369
	0.04702804651	0.07926901291	0.05193309662	0.08120897142	0.03074952013
	0.01441382283	0.03650890886	0.04152298787	0.02932352113	-0.01390341566
	0.0262780352	-0.00755622552	0.02412418997	-0.02247685981	0.02028637792
	-0.04311071112	0.02239895689	-0.04157270771	0.01838380555	-0.04934194698
	0.01603326699	-0.05817990633	0.01218573611	-0.1030395345	0.05790456967
	0.08238796657	0.01591294644	-0.0748218597	0.01491455653	-0.08435780152
	0.01451172711	-0.09540706046	0.01334740897	-0.09770756498	0.01216389308
	-0.1013687637	0.0127893731	-0.1015810668	0.04021758175	0.03990749704
	0.04462420443	0.03679661533	0.04933867311	0.03180757778	0.03466449877
	0.009369137494	0.03791597015	0.003575810946	0.03182695864	-0.02050951266
	0.02642226432	-0.03728649214	0.02322627112	-0.06206535316	0.02083992514
	-0.05920130839	0.0194111506	-0.07434377304	0.0181684821	-0.08755383694
	0.02585979385	-0.06513571108	0.01399439443	-0.1192814157	0.06546451042
	0.08240197127	0.07516101564	0.08013164059	0.05627735368	0.02408339233
	0.0170398565	-0.09830911016	0.01608508749	-0.1070299011	0.01503352873
	-0.1084863763	0.01464313188	-0.1175159454	0.0141122902	-0.1181904958
	0.04794551096	-0.01716317273	0.04152192115	-0.004096147717	0.0433450022
	-0.0316515872	0.05359021923	-0.03170641779	0.03564530077	-0.03115970184
	0.03091598789	-0.05278569617	0.03273550686	-0.07975301999	0.02927846174
	-0.08086895235	0.01897424967	-0.1047402491	0.0228403877	-0.07998002318
	0.0212694531	-0.09710710577	0.02594433804	-0.09706214133	0.0159479077
	-0.1387542246	0.063805379	0.01275071634	0.074414047	-0.004127961862
	0.08780286801	0.07362287538	0.1049020207	0.05952922711	0.06200609778
	-0.05450245221	0.02040695163	-0.1374977775	0.0185990493	-0.1225223348
	0.0170898939	-0.1263373186	0.01676871291	-0.136156518	0.01620892971
	-0.1387682547	0.04597720095	-0.06496526315	0.03900578888	-0.04169696437
	0.05111574285	-0.08473340582	0.03648311548	-0.07629482251	0.03404560414
	-0.10686579	0.02951353877	-0.1187036331	0.02153740748	-0.1236318021
	0.02415057806	-0.1160163177	0.01806439833	-0.1618115428	0.0709054458
	-0.08117684924	0.08828721308	-0.03124280354	0.1286836534	0.0312236427
	0.1055536764	-0.06950507967	0.1627982335	-0.02416219596	0.05984270052
	-0.1167683354	0.07128388391	-0.1611525369	0.02252490852	-0.156692652
	0.01867105921	-0.1552667554	0.01990815754	-0.1527966847	0.01817666252
	-0.1598730839	0.04174129133	-0.09979820127	0.05103520659	-0.1413120209
	0.05525747722	-0.1937402763	0.03913110279	-0.1342842491	0.03382463648
	-0.1454671898	0.02918052575	-0.1519197968	0.0249094377	-0.1786714306
	0.02567522099	-0.1566709089	0.02037348111	-0.1888012904	0.2142388419
	-0.132343998	0.08256637292	-0.2076281716	0.08799000079	-0.1306070913
	0.1318794706	-0.1476522975	0.1047786154	-0.1883140922	0.1656716438
	-0.2493883237	0.06415258928	-0.206740974	0.07801558551	-0.2748279031
	0.02311124383	-0.1855181181	0.02137718529	-0.18531405	0.02084916355
	-0.1904699908	0.05052965837	-0.2113004493	0.04556253947	-0.1698784036
	0.05971776709	-0.2518505264	0.03355523902	-0.1841455023	0.03916562561
	-0.1795050444	0.03082828358	-0.2000933418	0.02732036534	-0.2010649401
	0.02619010232	-0.2178109087	0.02287192946	-0.2198770804	0.2959264553
	-0.3483433177	0.2148241148	-0.4122423697	0.1017685813	-0.2887585509
	0.1261490241	-0.291098858	0.1634462569	-0.432408257	0.0723484015
	-0.3239288943	0.09674087758	-0.3680588925	0.02449472843	-0.2210967739
	0.02320414754	-0.2193457362	0.05235064596	-0.2650808238	0.04596528482
	-0.2230144757	0.0599204839	-0.3152157585	0.07319946387	-0.3982718654
	0.03473445846	-0.2323527153	0.03895186236	-0.2241867597	0.03113187174
	-0.2377456196	0.433587339	-0.7873295257	0.02898485732	-0.2469514188
	0.02713226285	-0.2520290336	0.02555298809	-0.255050707	0.2971332885
	-0.7394326829	0.2065220185	-0.6180183012	0.1558372417	-0.5653139528
	0.1284330533	-0.4342171022	0.08977124147	-0.4219636072	0.1100346923
	-0.4748653382	0.08781728675	-0.475893918	0.02614536408	-0.2569948638
	0.0698545745	-0.4343870937	0.04568897536	-0.2742637302	0.05883766461
	-0.3712726041	0.0392197639	-0.2699021902	0.03737660121	-0.2968940861
	0.03269725655	-0.2703186175	0.681230965	-1.710445001	0.4289672633
	-1.308693237	0.02820943657	-0.2756777636	0.03006120006	-0.2740831631
	0.02839458168	-0.2938854992	0.2810879112	-0.990719223	0.2073101095
	-0.8082870837	0.1416416965	-0.6424158953	0.1088555502	-0.57044822
	0.08387312503	-0.5134152934	0.02929539598	-0.298906	0.06094850182
	-0.4504808325	0.04866070787	-0.3488501936	0.04326415131	-0.3516642374
	0.03370933903	-0.2989433031	1.06532829	-3.301714328	0.6058260143
	-2.188445833	0.3685633987	-1.419981981	0.0313577874	-0.3042547026
	0.03130225119	-0.3353532767	0.2490935393	-1.09206438	0.1874727566
	-0.8801187548	0.3057742104	-1.411766813	0.1050380713	-0.6495352067
	0.1404539155	-0.7734897834	0.06598580754	-0.5152461862	0.0846802509
	-0.6020107255	0.03217926404	-0.3383047866	0.03461644289	-0.3434358301
	0.05024893578	-0.416087796	0.03942378021	-0.360078527	0.05661798728
	-0.4931493637	1.510911823	-5.206728761	0.8410458693	-3.275329635
	0.4748994879	-2.111893098	0.03401856688	-0.3771746924	0.2053563437
	-1.060529122	0.33834289	-1.684672075	0.1316845706	-0.8190796015
	0.1753054118	-1.031552291	0.1030686206	-0.7296753545	0.06905325586
	-0.5691101271	0.03517452897	-0.3814493005	0.03886898566	-0.3973297446
	0.04756621079	-0.43447781	0.05381585972	-0.503824152	1.891785132
	-6.83345	1.102193305	-4.398293147	0.5826410108	-2.66527511
	1.240959179	-5.034639046	0.03609444208	-0.4150026404	0.244720594
	-1.348956719	0.3711288074	-1.94748156	0.1223135063	-0.8553099429
	0.1696213621	-1.076475934	0.08464084879	-0.6875250378	0.06053286332
	-0.5719376365	0.03801514798	-0.4249746379	0.04379103271	-0.4585616337
	0.04610599298	-0.4906267221	2.047583773	-7.538056448	0.5235841106
	-2.564758409	0.7512924177	-3.428858226	1.157639189	-4.764372584
	0.03671792305	-0.4416571341	0.2136847579	-1.30539258	0.2646327933
	-1.538654388	0.1244915784	-0.9024429987	0.07351399781	-0.6544694024
	0.04816359594	-0.5205859346	0.04207304119	-0.4820044325	0.0388758134
	-0.4577984896	1.765226766	-6.516720226	0.5850606181	-2.723608679
	0.4254927996	-2.189055116	0.7839827651	-3.26065577	0.03452631932
	-0.4447397067	0.1498328149	-1.028994718	0.1722405467	-1.111292149
	0.07251084405	-0.6520854073	0.04909492495	-0.5299441992	0.03850423158
	-0.4722307971	0.03434279846	-0.4475340021	0.9514849018	-3.485924621
	0.2656147175	-1.400861144	0.154212929	-0.7703441855	0.02827844299
	-0.4137716092	0.07592468567	-0.6163007086	0.0485688845	-0.5167132957
	0.03155137658	-0.4266811894	0.02098231332	-0.3656680722	0.02501011415
	-0.3925898022	-0.2549946926	0.9356795315	-0.1100995416	0.2411175277
	-0.5532548927	2.036585297	0.01587601917	-0.3316087561	-0.01943987546
	-0.1530847171	-0.04841163176	0.008752199555	-0.01470408114	-0.1503163702
	0.00832009915	-0.2802217977	-1.500938056	5.376210281	-1.08882706
	4.07477902	-0.4266308866	1.614929466	-0.001258735271	-0.2002540423
	-0.20892365	0.7761278911	-0.0791409005	0.2068728965	-0.01926342969
	-0.08419090582	-2.193985322	7.717345707	-0.8638600369	3.319391538
	-0.005127000853	-0.1027382553	-0.2331574121	0.9126791428	-0.03546582196
	0.08295133366	-0.5323352957	2.048604911	-1.8598905	6.41667799
	0.09099831269	-0.4025279034	-0.0948871911	0.3738646551	0.17746976
	-0.5951723216	-0.4818304905	1.616478612	0.5144175449	-1.930902552
	1.270904271	-4.248055179	2.202302453	-7.200856615	

(0,2.90487)
