1154	
	0.06811060531	0.3239598459	0.040153597	0.1861608757	0.06106478836
	0.289773505	0.02269671558	0.09739323754	0.02990816313	0.1354762456
	0.03954542847	0.1845952288	0.0421401795	0.1994815517	0.01266405908
	0.04376531586	0.01677637504	0.06697969341	0.01867725314	0.07931577823
	0.007071602727	0.01140325613	0.02371850869	0.1087382326	0.01437388675
	0.06782904483	0.01100783653	0.04510178653	0.009221233666	0.02498868537
	0.01104517047	0.0379696133	0.008591574509	0.02981013928	0.005467063287
	0.001864926827	0.003932440793	-0.00891780015	0.002277436199	-0.02159301524
	0.001265598854	-0.03071575367	0.0007594801719	-0.03669293242	0.0004991724287
	-0.04075261749	0.0003690190756	-0.04343487339	0.004217487937	0.01680514438
	-0.01735127048	-0.08180273352	-0.001892015672	-0.01879865743	-0.04401562236
	-0.2068250431	0.005524359698	0.005298178061	0.005649008316	0.009307727809
	0.002421616767	-0.002811762651	0.003213453576	-0.01141442884	0.003071298257
	-0.01455889282	0.001400618955	-0.02892156215	0.0002945716527	-0.04541532199
	0.0008073853962	-0.03572203335	0.0005379406866	-0.03987613616	0.0003115052727
	-0.04490701702	0.0003866361415	-0.04285403103	0.0003205919752	-0.04461587202
	-0.03891671095	-0.1870431277	-0.01646936753	-0.08462501742	-0.01261830097
	-0.07132621815	-0.06599487807	-0.3091215295	0.002513029769	-0.01199043954
	0.0006030243116	-0.01658111501	-0.00518788542	-0.04303078086	0.001274259291
	-0.02300861962	0.002007280643	-0.02158271359	0.001221517438	-0.02934297841
	0.0007921192967	-0.03488800169	0.000279137503	-0.04589593347	0.0004847719955
	-0.03963777873	0.0003247963317	-0.04342823398	0.0002757161857	-0.04598577391
	0.0002606416553	-0.04551913445	0.0002833314983	-0.04544971645	-0.05022074749
	-0.2403898957	-0.02996315547	-0.1501147814	-0.01333051054	-0.07858406835
	-0.02418427974	-0.1293817587	-0.07503838864	-0.350297219	-0.0007001990584
	-0.03039571256	-0.003103979344	-0.03984501481	-0.006626835785	-0.0545097293
	-0.0002579205333	-0.03325307617	0.0004319705195	-0.03289503891	0.0003080468333
	-0.03723916954	0.0002526888863	-0.04087440434	0.0002451903787	-0.0471976269
	0.0002531335291	-0.04354262106	0.0002336993515	-0.04745726544	0.0001650816762
	-0.04737812436	0.0002056945347	-0.04787325747	-0.05568767493	-0.2651926957
	-0.03469120016	-0.1745184407	-0.01007809872	-0.07284143131	-0.01615218132
	-0.09531528186	-0.02078482624	-0.1171358495	-0.07041988691	-0.3275480533
	-0.002715102563	-0.04349207644	-0.006663184036	-0.05948041532	-0.001262354971
	-0.04127314888	-0.0005128892234	-0.04180043846	-9.485734465e-05	-0.04375992846
	0.0002071373407	-0.04941008053	6.807895173e-05	-0.04796047605	0.0001905375428
	-0.05015298108	0.0001089618444	-0.05044808796	-0.005621617278	-0.0595859831
	-0.04612728596	-0.2229475071	-0.03044234186	-0.1569528812	-0.01120021008
	-0.07968519573	-0.01251937997	-0.08604985543	-0.0188815943	-0.1099800509
	-0.05392381462	-0.249824227	-0.003628149729	-0.05173861423	-0.001501221614
	-0.04759663949	-0.0006271280098	-0.04633304888	-0.0001600130762	-0.04872895886
	-0.003631168031	-0.05602548297	0.0001943916433	-0.05240709609	-3.852519902e-05
	-0.05121717984	0.0001525159036	-0.05367974958	-0.005429907483	-0.06195484942
	-0.03460209363	-0.1691409542	-0.02346272247	-0.1251809402	-0.00799018403
	-0.0707071395	-0.009671566103	-0.07489537807	-0.01363864776	-0.08698269174
	-0.02766382715	-0.1275732892	-0.0005528357052	-0.05003281131	-0.002454191594
	-0.05354055663	-0.001127331054	-0.05193936538	-0.0002953878048	-0.0524462536
	-0.002842046494	-0.05717479407	0.0002226502826	-0.05606387766	0.0002291591108
	-0.0573008162	-6.829772246e-05	-0.05480146341	8.289598268e-05	-0.05616673851
	-0.00440391142	-0.06084443413	-0.01672717408	-0.08629045399	-0.01182471926
	-0.0718810136	-0.007546468	-0.05983191724	-0.004943310574	-0.06024489556
	-0.004740688565	-0.05418799211	0.003901079259	0.01803857592	0.002750447599
	0.003359670729	-0.0007137908488	-0.05457116249	-0.001382729117	-0.05511752882
	-0.0003124414541	-0.05738682186	-0.001343685235	-0.05717147513	-0.002052663548
	-0.05725435707	0.0003126513466	-0.06040125926	0.0002855919753	-0.06031274846
	0.0001902641288	-0.05969094921	3.753881426e-06	-0.05861018812	-0.0001260212542
	-0.06019196206	-0.002737677508	-0.05646640191	0.001900548428	-0.01775425959
	0.002223018718	-0.007825616398	0.001648290068	-0.02703758857	-0.001299843704
	-0.04645911359	0.0145332324	0.04788344184	0.03509292848	0.1605671478
	0.02409744648	0.1007772482	0.06146534872	0.2796382904	-0.0006108857944
	-0.05834884904	-0.0005402512442	-0.05818075957	-0.0006230672154	-0.05495370701
	0.0004473817115	-0.06501552085	0.0004806156266	-0.06554772985	0.0003844894664
	-0.0644871059	0.000231527218	-0.06299928082	0.0003092445561	-0.06398840126
	-0.0001975252986	-0.04853242638	0.001452112422	-0.03981945277	0.009266347422
	0.01475731528	0.007003570768	-0.004758419385	0.004114722799	-0.0258641665
	0.02672925534	0.1022595609	0.01936832768	0.05821129373	0.04061083371
	0.1752692432	0.05248611355	0.2276239187	0.07834693503	0.3543074572
	0.0002051433783	-0.06184343046	0.0005846917413	-0.05846792531	0.001164766504
	-0.05170106022	0.0007189151916	-0.07169572354	0.0006239662576	-0.06925426436
	0.0006893466926	-0.07089430116	0.0005088169583	-0.06682130777	0.0007644152651
	-0.06589685739	0.000695741775	-0.06846304731	0.002753439619	-0.03998702905
	0.01180089204	0.01448251867	0.007809135308	-0.01331213542	0.01564298819
	0.02796937213	0.02419197168	0.07708526499	0.03516027944	0.1387115418
	0.05616590703	0.2421350164	0.07556725186	0.3370597439	0.08323210541
	0.3739435158	0.001316790218	-0.06575571367	0.00155416703	-0.05917162953
	0.003723966822	-0.04909217643	0.001005050246	-0.07905163923	0.0009623049659
	-0.07572328482	0.001024387712	-0.0789977087	0.0009951054293	-0.07378939616
	0.001164701382	-0.0711776338	0.001226983689	-0.07963103013	0.001750502272
	-0.07738489791	0.006324691956	-0.03164711428	0.01055239419	-0.005884152059
	0.01695362462	0.0288201939	0.05652859759	0.25009885	0.02531747839
	0.07915882321	0.03780540313	0.1474679342	0.03452126186	0.1295102661
	0.05114002917	0.2169714635	0.002120423792	-0.070303854	0.002741168812
	-0.06101285487	0.004704242311	-0.05031006153	0.001312934664	-0.08800681252
	0.001404477886	-0.08598082447	0.001344098771	-0.08778710975	0.001535301787
	-0.08246223659	0.002105644792	-0.08333757762	0.02879604897	0.126176605
	0.007588593322	-0.03296229818	0.01133526982	-0.01144721675	0.01542621649
	0.01580605544	0.02033024211	0.07406315381	0.03800045826	0.1551571222
	0.02309699041	0.06438509995	0.0271523428	0.09297791643	0.002733662633
	-0.07719596734	0.005312630724	-0.05394267	0.003580584902	-0.06590431396
	0.001615628787	-0.09892320696	0.001739706569	-0.09625678927	0.00163247296
	-0.09779712545	0.001910822936	-0.09204741269	0.002439699644	-0.09376674424
	-0.003364526469	-0.01486576913	-0.001829083778	-0.02633827038	0.006301415149
	-0.05132291673	0.007112494977	-0.04877312327	0.008876298883	-0.03323911061
	0.01196479763	-0.006044087348	0.01437711751	0.0313558028	0.01691813732
	0.03084554343	-0.003722956342	-0.0547309782	0.003008272799	-0.08535461392
	0.003922844013	-0.07474439083	0.001904091228	-0.1122924905	0.002015744459
	-0.1089452475	0.001912866223	-0.1107111816	0.002187089272	-0.104093118
	0.002548483317	-0.103893064	-0.03544631908	-0.1526859439	-0.02670441421
	-0.1372569939	-0.01759539049	-0.1203249693	0.005054579401	-0.07056625318
	0.005213406231	-0.06851494241	0.005006153726	-0.06107663095	0.006987572014
	-0.03571640167	0.007588857437	-0.01760942619	-0.003475846075	-0.07456986869
	0.003053166653	-0.09591738422	0.003749077437	-0.08770144943	0.002173013498
	-0.1283382168	0.002201720182	-0.1222611717	0.002204548738	-0.128608091
	0.002347139944	-0.1190961468	0.002354785735	-0.1323087899	0.002528402838
	-0.1160309644	-0.06438642408	-0.2737927954	-0.09938892705	-0.4101896189
	-0.0864417688	-0.3624525976	-0.04572885983	-0.2210032376	-0.03247953942
	-0.1909229022	-0.01469237276	-0.1328937177	0.003822368423	-0.08900394565
	0.002293994766	-0.0947331699	-6.732851372e-05	-0.09591577205	-0.002807557918
	-0.0925193934	0.002444710677	-0.1293140867	0.002593053058	-0.1187265834
	0.002607525708	-0.1138742649	0.002224399425	-0.1504959528	0.002449793127
	-0.1463417291	0.002457755818	-0.1473953172	0.002451854104	-0.1455343893
	0.002403555223	-0.1411721035	-0.1022768266	-0.4145334481	-0.06071978642
	-0.2863052083	-0.07086831999	-0.3300934508	-0.04243969163	-0.2393025904
	-0.02258877437	-0.1751130784	-0.01077464597	-0.1395764056	0.001909896506
	-0.1125094151	-0.001135297646	-0.1255150675	-0.005354452422	-0.1335987785
	0.001381096996	-0.137679122	0.002020031227	-0.1399908218	0.0003118677933
	-0.1589600061	0.002008242536	-0.1750366999	0.002461607732	-0.1632422167
	0.002768448714	-0.1683258086	0.002818439678	-0.1698033231	0.002671615613
	-0.1676451494	-0.07212494801	-0.3391172845	-0.09605941955	-0.3812753846
	-0.05015196418	-0.2791797709	-0.02831426872	-0.2177832445	-0.01969734053
	-0.1984447103	-0.01020467438	-0.1713814004	-0.001310144067	-0.1540291242
	-0.00460919232	-0.1585820307	0.001152279787	-0.1737767041	-0.0005742318525
	-0.1815852233	0.002054327342	-0.2026508537	0.002567875558	-0.1831764879
	0.003234472695	-0.1937519961	0.003337358778	-0.1956992196	0.003147528239
	-0.207997392	0.003033227082	-0.1931259049	-0.08218876885	-0.318339861
	-0.06261291589	-0.2355777606	-0.03965177957	-0.1440038128	-0.05012082082
	-0.2924462764	-0.06842125897	-0.325673997	-0.03387283389	-0.2695841313
	-0.03295488292	-0.2506067635	-0.02373374064	-0.2323631464	-0.01169938077
	-0.2069638128	-0.01554244899	-0.2263023498	-0.007605107998	-0.1948434211
	-0.003273872703	-0.1847130476	0.004129126465	-0.2253781573	-0.01572386614
	-0.05442453864	-0.00113354084	-0.2057597551	0.0007730845532	-0.2123251302
	0.002305334138	-0.2256337539	0.003118711125	-0.2229421186	0.003954310766
	-0.2227360631	0.003772115045	-0.2260140556	-0.05877522383	-0.288760501
	-0.04452535253	-0.2360960403	-0.02880529124	-0.1818272153	-0.04701014693
	-0.2904350732	-0.04086141414	-0.2751644918	-0.03205390541	-0.275256048
	-0.021976974	-0.2544319025	-0.01123740871	-0.2450115426	-0.009167851194
	-0.225920876	-0.004707314224	-0.2303129002	-0.001351663381	-0.2367963197
	-0.01289306622	-0.2618582736	0.005290089394	-0.258896859	0.007921030446
	0.02709179999	0.02958507666	0.09343718065	-0.008509648863	-0.1154414993
	0.00107413382	-0.2436409189	0.002850255591	-0.2503157868	0.003580375977
	-0.2472461239	0.004835278628	-0.2589760297	0.005116919225	-0.2577220321
	-0.01665079475	-0.209610927	-0.0321011513	-0.2521160154	-0.01958925218
	-0.2443578242	-0.004118729098	-0.1808080506	-0.02671185532	-0.272398449
	-0.0195164057	-0.2749754971	-0.01139104422	-0.2860687463	-0.01045133598
	-0.2819659656	0.0007647147197	-0.261709589	-0.006778584127	-0.2565956835
	-0.002134132998	-0.2645752755	-0.005036057899	-0.2836425212	0.006968217892
	-0.2969393128	0.008920266984	-0.066501871	0.02754533811	-0.02186200856
	0.04887191601	0.1423266184	0.06604207501	0.1732844106	0.01154994865
	-0.1503183434	0.00511015811	-0.3091952402	0.003676064145	-0.2827515331
	0.004914351937	-0.2822023643	0.006355280428	-0.2955800051	0.00687917059
	-0.2978284847	-0.007933585092	-0.2480900928	-0.02056445466	-0.2644096591
	0.001343820745	-0.2387832994	-0.01172016102	-0.2828841055	-0.004663755049
	-0.3035387893	-0.001570723667	-0.3096702916	0.002353609728	-0.2953676963
	-0.0002674471988	-0.2954296954	0.00929735359	-0.3401445187	0.02499838992
	-0.1325094225	0.04501182832	0.006809989268	0.08176642266	0.1861675965
	0.06054011314	0.01770600052	0.09771461151	0.1811782494	0.01495529819
	-0.2271652769	0.02939716567	-0.2258369316	0.007327171098	-0.3402958538
	0.008256332111	-0.3306766215	0.007511529614	-0.3297422206	0.008996669613
	-0.3371727928	-0.003491523118	-0.2859361626	0.01016150403	-0.2906394147
	0.01972563461	-0.3313623824	0.002345798006	-0.3192203266	0.003541013937
	-0.3356275679	0.004975797531	-0.3422323584	0.01016469975	-0.3744124144
	0.006459713632	-0.3449776125	0.01241883888	-0.3894382226	0.1165121658
	0.1557857489	0.04120866793	-0.2359594679	0.04412542872	-0.1179159407
	0.07738375312	-0.002380078578	0.0582860621	-0.1278983905	0.09465138187
	-0.03247072383	0.02721622706	-0.3102980703	0.04167658077	-0.3395241717
	0.01145827052	-0.3845078468	0.01173347851	-0.3836237021	0.01256821087
	-0.3925161421	0.01943320194	-0.3687721844	0.01119898527	-0.3375291646
	0.02884095827	-0.3854530378	0.01043378493	-0.3783903917	0.01046980704
	-0.3639718526	0.01299305166	-0.4025201992	0.01331219816	-0.4073895297
	0.01590739306	-0.4365914246	0.01646562435	-0.4460896261	0.1428676762
	0.1008189309	0.1159943821	-0.08837517537	0.05775334754	-0.2624636052
	0.07300746248	-0.1813901766	0.09449404783	-0.2340708507	0.04246664105
	-0.4298177295	0.05837948688	-0.3867314454	0.01650357308	-0.4454292589
	0.01634805412	-0.4443721419	0.02713908633	-0.431490212	0.01920244064
	-0.3978682743	0.03614491453	-0.4725487045	0.0505742259	-0.5393078199
	0.01825707609	-0.4421627643	0.01752530152	-0.4198319852	0.01884275141
	-0.4605103199	0.1862416506	-0.008272110616	0.020289244	-0.4830070264
	0.02108716815	-0.4992119143	0.02159782839	-0.5116822602	0.1497876538
	-0.215613448	0.1170836049	-0.318055693	0.09562783073	-0.4193684182
	0.07757880926	-0.3490101752	0.0591125598	-0.4950049957	0.0715998127
	-0.4803520728	0.06405432459	-0.5922317041	0.02186332548	-0.5133601816
	0.05456126655	-0.6214848234	0.02637913548	-0.4700112414	0.04320452512
	-0.5685777536	0.02452179472	-0.4879077069	0.028580479	-0.5440334734
	0.02403922181	-0.5139629738	0.2695124256	-0.242434938	0.2061741125
	-0.4359278136	0.0248896564	-0.545905294	0.0245781888	-0.533113104
	0.02803869479	-0.5884182777	0.1568626377	-0.5125610983	0.1271564252
	-0.5448863691	0.09585846759	-0.5846323249	0.08024174568	-0.6370896177
	0.06845007269	-0.6850128811	0.02889460446	-0.5951551091	0.05680566903
	-0.7173599672	0.03809763785	-0.5839721033	0.03830155193	-0.6240460494
	0.02872645564	-0.5674445125	0.4256282873	-0.7246247954	0.2994206291
	-0.8440212405	0.2059703075	-0.7333974946	0.02976091685	-0.5944606982
	0.03602072032	-0.6780390807	0.1610461452	-0.7702796278	0.1299089999
	-0.7386924994	0.2071880345	-1.008486193	0.09238126818	-0.8208808149
	0.1120233232	-0.8213028602	0.07079371553	-0.8399040689	0.08651182276
	-0.8865277441	0.03647302665	-0.6780654867	0.03714023862	-0.6696324307
	0.05055974262	-0.7220799197	0.04000921919	-0.6721769312	0.06904617049
	-0.8831374493	0.6683787389	-1.509791459	0.4458155368	-1.395937181
	0.3062655222	-1.300677632	0.04580367359	-0.7825785525	0.1576932138
	-0.9622429706	0.261730458	-1.36024302	0.1253158518	-1.008268017
	0.1644787496	-1.158352828	0.1175500382	-1.077355339	0.08618409411
	-0.9775349938	0.04641661511	-0.7817609059	0.04926961115	-0.7886363831
	0.05589247541	-0.8025758563	0.07593076343	-0.9703912908	1.003764729
	-2.605717772	0.6529914059	-2.104361069	0.4199765883	-1.796819669
	0.9327342325	-3.12506944	0.05770650542	-0.9035474582	0.2207606247
	-1.350890809	0.3753279936	-1.966323339	0.1542547118	-1.285157371
	0.2014565475	-1.4457996	0.1278327328	-1.244960978	0.1063495487
	-1.19227565	0.05971832035	-0.9117120077	0.06776040524	-0.9545894963
	0.08323383457	-1.082476445	1.44218464	-4.046488836	0.5402155018
	-2.477950828	0.7533985373	-3.05660846	1.2214883	-4.202258993
	0.07193969643	-1.040444786	0.2812856374	-1.799962794	0.3987033931
	-2.264038681	0.2028048584	-1.587884862	0.1556304073	-1.461446224
	0.1135244658	-1.296118554	0.09299232715	-1.181050433	0.07836968936
	-1.084597625	1.958419289	-5.74338145	0.9717765407	-3.936612702
	0.6015371902	-2.866771981	1.56635823	-5.440898286	0.08839373367
	-1.187528548	0.3003610927	-2.015640377	0.4756596701	-2.671674173
	0.2259958346	-1.811966922	0.162708053	-1.564661828	0.1233295875
	-1.392285904	0.1008934139	-1.274839485	2.47492045	-7.435905648
	0.9885174533	-4.220529692	1.686934997	-6.033977177	0.1056608921
	-1.330290888	0.6602559631	-3.319533551	0.3320394694	-2.254940201
	0.2189568247	-1.834650232	0.1617421639	-1.608919491	0.1200538604
	-1.416250645	2.819150861	-8.569204629	1.062286607	-4.507083294
	1.756525956	-6.265263889	0.1192178551	-1.434284456	0.4999184859
	-2.836020063	0.337451552	-2.256836901	0.1957832071	-1.738631446
	0.1348720269	-1.506311841	2.817192423	-8.592559522	1.531153601
	-5.423411011	0.9801027494	-4.176926695	0.1149021867	-1.414630686
	0.4794688758	-2.628846094	0.22254917	-1.756526291	0.127124533
	-1.434508342	2.253836111	-6.85962421	0.8042449607	-3.148114372
	0.0523776514	-1.081167648	0.280568568	-1.761778542	0.02402666278
	-0.8679135579	0.2173010658	-1.111823221	1.12686052	-3.407022144
	-0.186159726	0.006258589226	-0.04962568188	-0.4198531265	-0.6563293261
	1.843685998	-0.4722831209	1.426316651	-0.877527832	2.669174784
	-2.059657088	6.134924041	-2.954678417	8.694905719	

(0,4.99572)
