1154	
	-0.2680724074	-1.7527272	-0.1097244531	-0.7186863938	-0.1907591986
	-1.244987057	-0.0403305684	-0.2635416243	-0.0523496268	-0.342487286
	-0.06970837067	-0.4556658531	0.009245546095	0.0606747345	-0.01387317527
	-0.08872652932	-0.01991584738	-0.1291339913	-0.0106205007	-0.06871417768
	-0.004627998342	-0.02663516614	0.03394927684	0.2214799129	0.2062738216
	1.342167919	0.05041564596	0.3299633835	-0.006497650606	-0.03965924877
	-0.002400918629	-0.01362564812	0.02309725656	0.1526772415	-0.002403487883
	-0.01153821548	-0.001303432635	-0.003538108951	-0.0001859295663	0.004858095462
	0.0002845383833	0.008859982881	0.0004408209556	0.01061671232	0.0005030145319
	0.01159353263	0.000531531589	0.01219255067	0.1453174432	0.9467145421
	0.2831257593	1.838328047	0.0537875311	0.3533341622	0.2155664264
	1.396455685	0.000423918713	0.006451652274	0.00547788425	0.0389578078
	0.02366721943	0.1575920354	0.0002064191752	0.006271356165	-0.0005022031981
	0.002091601034	0.0002616812378	0.008472897463	0.0005489968027	0.0126296965
	0.000436498918	0.01043494093	0.0004962102772	0.01140611249	0.000544415696
	0.01251720336	0.0005284898794	0.01206727179	0.0005433746459	0.01245261619
	0.0926711506	0.6028922338	0.09740370042	0.6364907087	0.04740721981
	0.3123689164	0.008907215823	0.05701403763	0.002932688329	0.02370979257
	0.01102735995	0.07604236085	0.01688904146	0.1144673862	0.001512666004
	0.01543261829	0.0003166451893	0.007926211762	0.0004391486354	0.009558211481
	0.0004740413	0.01049344293	0.000554402605	0.0127360608	0.0005185730156
	0.01143867569	0.0005449078698	0.01220737593	0.0005564177753	0.01275551577
	0.0005595443343	0.0126431394	0.0005539084812	0.01263366934	-0.03298718137
	-0.2114888152	0.03111161201	0.2053520789	0.02289664099	0.1532830668
	-0.01149679155	-0.07094805775	-0.2047666421	-1.321242403	0.003686349066
	0.02943188134	0.006054482779	0.04469473839	0.007438648076	0.05347741224
	0.001690705862	0.01722079218	0.0009208290618	0.01270294252	0.0006755641414
	0.01181541661	0.0005829151396	0.01186360184	0.0005695791456	0.01302722718
	0.00056222046	0.01225393601	0.000573563912	0.01308110399	0.0005798280607
	0.01300437521	0.000580517181	0.01315857206	-0.1449541288	-0.9349603954
	-0.04127059889	-0.2647033896	-0.0007639599882	4.755866732e-05	0.0001482473685
	0.005305666953	-0.02220989704	-0.1406730246	-0.3057941554	-1.967471159
	0.002435411439	0.02188881533	0.001611285153	0.01603610461	0.001272913
	0.0150759382	0.0007956996076	0.01269891688	0.000617914974	0.01229282057
	0.0005953507864	0.01353714936	0.0005869646824	0.01304100434	0.000604614153
	0.01370263952	0.0006082300307	0.01367028788	-0.000732191043	0.001386575325
	-0.1441270434	-0.9296167851	-0.06789161992	-0.4373496126	-0.00672252102
	-0.0388637348	-0.01407350721	-0.08705521178	-0.03123030563	-0.1994806995
	-0.2380087182	-1.526660183	0.0005508444817	0.01013515481	0.0005872954326
	0.01146398937	0.0006210763877	0.01226466373	0.0005909774256	0.01295438719
	-0.0005730946163	0.003397299104	0.0006329273518	0.01427256749	0.0006078728322
	0.01362909756	0.0006473326999	0.01452267114	-0.002486236105	-0.009721970937
	-0.1104862737	-0.7112491492	-0.05538481243	-0.3566160608	-0.006289764439
	-0.03529235858	-0.01154215306	-0.07054839516	-0.02184832858	-0.1387390027
	-0.04386310087	-0.2798440413	0.0005538581036	0.01253999773	-5.678493366e-05
	0.007376926755	0.0004039950655	0.01132370654	0.0005829452832	0.01339698891
	-0.0006809441948	0.003448651082	0.0006841454163	0.01523314703	0.0007022358458
	0.01555127932	0.0006357882218	0.01436930064	0.0006709334651	0.01499242717
	-0.002320735764	-0.008117682844	-0.01280302289	-0.08250715071	-0.009192964325
	-0.05847296675	-0.003938647533	-0.0226537886	-0.003456583342	-0.01641355404
	-0.001514798318	-0.005087997428	0.1781518158	1.136673241	0.0878580484
	0.5625322633	0.0004756236129	0.01261012146	0.0002085086232	0.01029167736
	0.0005959454472	0.01423886497	0.0001342017269	0.01009344893	-0.0003509900739
	0.006183174042	0.0007544687642	0.01647040851	0.000750352796	0.01639431576
	0.0007300709074	0.0160445912	0.0006834199683	0.01535119146	0.00066963229
	0.01531516136	-0.0009077822972	0.001629524389	0.02253121758	0.1488674198
	0.04412344237	0.2849775571	0.01157329735	0.08046886196	0.002217150405
	0.02114229353	0.07385959091	0.4761769359	0.3094999325	1.9668363
	0.1543304318	0.9858079156	0.2852905773	1.805412216	0.0004871290475
	0.0133201198	0.0005869749936	0.01384307014	0.000791081699	0.01439970702
	0.0008394150611	0.0178607576	0.0008491353199	0.01805360491	0.0008282071598
	0.01761109882	0.0007884083202	0.01692179066	0.0008602730824	0.01751077549
	0.001997267273	0.02131684547	0.004416944095	0.03684801641	0.03575863188
	0.2349688683	0.01792846471	0.1224537001	0.008645023013	0.06404843449
	0.07208046844	0.465707771	0.03278782299	0.2172497386	0.1433696828
	0.9150567025	0.05919254798	0.3800398379	0.1144847358	0.7206444269
	0.0008788419187	0.01708154384	0.001238088816	0.01904528099	0.002111840567
	0.02395175573	0.0009710266806	0.02000344247	0.0009393936673	0.01927842085
	0.0009589988702	0.01976653894	0.0009092529483	0.01853537961	0.001069976228
	0.0194748052	0.0009992720789	0.01947690138	0.004345491734	0.0376843881
	0.01716249312	0.1185433363	0.00877916943	0.06604533047	0.007909943619
	0.06000239351	0.009614375372	0.06974812549	0.03053683182	0.2014942239
	-0.0577222012	-0.3587298571	-0.2986890003	-1.86541542	-0.1176953731
	-0.7396279702	0.001325810423	0.0214870383	0.001630572519	0.02248962357
	0.002630913683	0.0289640862	0.001114475293	0.02230104631	0.001087513852
	0.02151606809	0.001122168548	0.02234151132	0.001107607743	0.02128943519
	0.001185876366	0.02141956055	0.001196890121	0.02297989942	0.001342151108
	0.02380570695	0.004050109616	0.03733995227	0.00424063601	0.0377492567
	-0.00613755503	-0.02951102654	-0.3390586215	-2.104781566	-0.01473529269
	-0.08525284892	-0.03813326219	-0.2343325091	-0.07639844141	-0.4759874433
	-0.1518163886	-0.9496026965	0.001481889632	0.02379022889	0.00181729005
	0.02489091941	0.002114160147	0.02648580662	0.00128000878	0.02496265386
	0.001288611989	0.02470603131	0.001286972986	0.02497525017	0.001297499395
	0.02424322484	0.001402562078	0.02531626765	-0.2177678991	-1.342450979
	0.001240884119	0.02016846666	-0.005240426757	-0.02236214438	-0.01805167671
	-0.1056031967	-0.1136939288	-0.7073035006	-0.1717908814	-1.071071879
	-0.03753764209	-0.2304959817	-0.08708333483	-0.5434497843	0.001426490061
	0.02484541331	0.001037328409	0.0203625559	0.001523215305	0.02425959965
	0.001470239561	0.02803164082	0.001460290807	0.0275623478	0.001460317291
	0.02778278346	0.001437972347	0.02681272497	0.00145924481	0.02736520789
	0.008505934423	0.05392013676	0.001246251475	0.005301175523	-0.0004682360415
	0.01065287733	-0.003187998225	-0.007083993827	-0.009315527902	-0.04797031381
	-0.02015179563	-0.1191299601	-0.05937695914	-0.3700867416	-0.04181354631
	-0.258062127	0.01078047957	0.06728309951	0.001306857056	0.02535110219
	0.001006656908	0.02227531584	0.001703158879	0.03164328658	0.001661234587
	0.03085029643	0.001678356593	0.03124745607	0.001592639804	0.02969014619
	0.0015371477	0.029303284	0.2336578593	1.42260074	0.1311067902
	0.8020970882	0.06519757755	0.4041466063	-0.000601222271	0.01152154086
	-0.003144553946	-0.005874926822	-0.006108712683	-0.02695115091	-0.01407995482
	-0.0805590857	-0.02347075584	-0.142830452	0.00935568807	0.06331890468
	0.001243065433	0.0263336586	0.0006119336553	0.02119138773	0.001989608931
	0.03591104152	0.001884832611	0.03426084028	0.001997131799	0.03597436883
	0.001818592684	0.03329206271	0.002070474528	0.03679702228	0.001708566924
	0.03199078341	0.3661250625	2.20817121	0.1704397069	1.004205615
	0.3411109833	2.035931301	0.1931449524	1.176089251	0.1020514549
	0.6315940735	0.04006532505	0.2561194811	-0.0004488934805	0.01385133436
	-0.0002763620754	0.0137030184	0.002131080429	0.02645765764	0.006982154713
	0.05336347919	0.00195933541	0.03525494533	0.001596809207	0.031195583
	0.001195742209	0.02741551549	0.002485765651	0.04115826873	0.002337053387
	0.0406867041	0.002350696655	0.04099792283	0.00232591061	0.04036972821
	0.002240412513	0.03894791964	-0.06940262364	-0.4080532114	0.1826174389
	1.108455721	0.09454972419	0.576927314	0.09726318709	0.6036705425
	0.05311436326	0.3386833539	0.02335872593	0.1578876748	0.001180039454
	0.02591900784	0.004121612022	0.04348086277	0.01054280252	0.08149056365
	0.002372877767	0.03712649569	0.002244071624	0.03764627254	0.003509708196
	0.04630045554	0.003162835074	0.04834885629	0.002739169836	0.04496949739
	0.002782191589	0.04661080845	0.002804078352	0.04704406375	0.002790446778
	0.04632956455	-0.0475628568	-0.265368043	-0.292888796	-1.686865039
	0.05218094849	0.332110112	0.04160388661	0.2719881884	0.02737023276
	0.1869078099	0.01503647114	0.1122448318	0.004572585837	0.05076243844
	0.00789723015	0.06965191585	0.003440425854	0.04883860029	0.004359231385
	0.05381868385	0.003835103703	0.05582877372	0.003210072409	0.05049238453
	0.003323855553	0.05353834594	0.003352903131	0.05410763392	0.00372546925
	0.05725203473	0.003352804876	0.05327484203	-0.4158786301	-2.352896142
	-0.4021295688	-2.228820652	-0.2606586531	-1.408782795	-0.01964714716
	-0.09748512308	-0.1554690982	-0.8933918617	-0.0182640198	-0.0892315351
	0.01596262206	0.1175133984	0.01547226544	0.1158552617	0.0106838407
	0.0889111023	0.009187629631	0.07975508834	0.008624588624	0.07702299129
	0.005976839051	0.06218394452	0.00401012301	0.06228789039	-0.04418090503
	-0.2267979804	0.004826069249	0.05903911247	0.004377873907	0.05879403455
	0.004342269827	0.06165193679	0.004119686758	0.06116799479	0.003961268096
	0.06150180794	0.004090649052	0.06225458863	-0.22537684	-1.287368328
	-0.2163260175	-1.223270978	-0.1424173206	-0.803695223	-0.09226176998
	-0.5275407073	-0.1194473136	-0.6861335157	-0.04208099504	-0.2328028193
	-0.003469793898	0.001325375844	0.002959654552	0.04382964087	0.00634937518
	0.06491113854	0.005280480757	0.06139880899	0.004863303099	0.06195151072
	-0.002970185773	0.006552598132	0.004776364416	0.07164902374	0.1913797981
	0.9834711715	0.3796729834	1.865870501	-0.001334592238	-0.0356063988
	0.004775422212	0.06441533836	0.004823146909	0.06740444943	0.00468955892
	0.06740290548	0.004850692945	0.07130089848	0.004768493976	0.07122094271
	-0.06057980697	-0.3593477927	-0.1162522796	-0.6701567915	-0.0644038042
	-0.3772175421	0.006128718973	0.003083556978	-0.05935322392	-0.3392783595
	-0.02412200026	-0.1257512787	-0.01614293851	-0.07869965018	-0.00912284298
	-0.03217374599	0.004915690205	0.06599256175	0.002732751775	0.04527769708
	0.004184261169	0.05839257987	0.0001041859298	0.02952206319	0.005696956362
	0.08247212226	0.1292685615	0.6411654741	0.2532330477	1.238102699
	0.4907597586	2.288026643	0.5195791647	2.265352117	0.09371663016
	0.463392981	0.006192843792	0.08143653366	0.005498145232	0.07448635294
	0.005500228278	0.07665345084	0.005771254466	0.08150633694	0.005747233155
	0.08260913486	-0.02152070725	-0.1347050847	-0.05591338948	-0.3231183492
	0.01450500778	0.06250462886	-0.02463459296	-0.1350189989	-0.006833351717
	-0.02136128369	0.0005466755328	0.03184106266	0.005283358418	0.07110909784
	0.003706531169	0.05705689164	0.006807204027	0.09500913897	0.1604962898
	0.7981119092	0.3304529884	1.560026355	0.4809295429	1.919280667
	0.3562543451	1.603307217	0.4034044121	1.425470621	0.07154191562
	0.3662953883	0.1222357676	0.6249234254	0.007334288596	0.09162995763
	0.006732248115	0.09179987786	0.006835834836	0.09043112267	0.006773204318
	0.09407390564	-0.007916325804	-0.04320659186	0.03152667829	0.1737426433
	0.04824554841	0.27544418	0.004031773117	0.03923442777	0.005265187997
	0.05929171805	0.006586248706	0.07658642909	0.008942143037	0.1048617013
	0.007356031595	0.08769568014	0.008138120694	0.1094555996	0.3122133994
	0.9247619022	0.1512458437	0.7607569654	0.2285914287	1.103069888
	0.3311068517	1.397258917	0.2472755467	1.155937228	0.2918470705
	1.138499233	0.07831987259	0.4252759946	0.1055434184	0.5630135857
	0.008829633792	0.108933127	0.008343274438	0.1082652863	0.008327180847
	0.1105413849	0.03659717543	0.2268053886	0.022687571	0.1442733174
	0.05636674164	0.3320055426	0.01186711178	0.1099050596	0.01507302961
	0.1166090931	0.01220827137	0.121648756	0.01091284529	0.1200503691
	0.01108243957	0.1283102749	0.009665478618	0.1256583189	0.2268436174
	0.5097043217	0.2392414483	0.8379220426	0.1723682101	0.8459412719
	0.2287913201	1.038744065	0.2093443985	0.8906533146	0.07532734677
	0.4336588376	0.1218769271	0.6359157259	0.01040608165	0.1280249916
	0.009805069733	0.1258239113	0.03923305316	0.2568362651	0.02858348101
	0.1950845416	0.04906612174	0.3135031569	0.06048818274	0.3759310106
	0.01661308256	0.1509842786	0.0196922704	0.1584095763	0.01430178635
	0.1456826056	0.1575079141	0.2150256161	0.01322040791	0.145898045
	0.01219914626	0.1446613026	0.01132067229	0.1430976994	0.1774323068
	0.5352637136	0.179865117	0.7191965358	0.1504457275	0.6992349468
	0.160416017	0.7703832796	0.08743031625	0.4920464892	0.1102461486
	0.5820900818	0.06926501426	0.4169011119	0.0116675002	0.1448295001
	0.0486209265	0.328454917	0.02888627834	0.2150172951	0.04104931358
	0.2891698781	0.02146809971	0.1832759831	0.01967668447	0.1848954849
	0.01592949735	0.1629544468	0.1069612587	0.03592367047	0.1255028661
	0.3036015298	0.01291681996	0.1547974925	0.01412492126	0.1582237828
	0.01296547858	0.1606378062	0.1347947003	0.498830535	0.1311430313
	0.5748112669	0.1069200275	0.5492011327	0.07960631768	0.4569693449
	0.05509725121	0.3592651198	0.01350991617	0.1638640693	0.03521212907
	0.275053841	0.0296565711	0.2375455927	0.02369090436	0.2140307285
	0.01665284717	0.1745755469	0.07601103754	-0.04757850978	0.08797994375
	0.1691359508	0.1047476898	0.3518781877	0.01486274892	0.1698535378
	0.01444981003	0.1770076626	0.100998591	0.4424048008	0.09616279689
	0.4730058656	0.08202821008	0.346395083	0.05582514232	0.358946752
	0.07164543026	0.4095270847	0.0329470422	0.2689087296	0.04105925046
	0.3023371602	0.01499736537	0.1795383035	0.01663152637	0.1862711841
	0.02679779956	0.2373541416	0.01993431032	0.201726043	0.02642104447
	0.2423584926	0.06008604455	-0.07871848646	0.06502824513	0.07691424373
	0.06836591565	0.2216148095	0.01554636014	0.1904034772	0.07491077987
	0.3835994056	0.061280437	0.2647161346	0.05245953273	0.3337716485
	0.05393054779	0.317793898	0.03910786279	0.2869026367	0.0297257309
	0.256591125	0.01619022688	0.1932760618	0.01825044211	0.2029556973
	0.02311345743	0.2253368372	0.02344169666	0.2315743237	0.05169942449
	-0.09128382605	0.0524754018	0.01825549714	0.0532002914	0.1473771694
	0.04326184303	-0.01242303736	0.01606155077	0.1990249982	0.05366369109
	0.2818292546	0.04259002381	0.1835017821	0.03619560849	0.2635609051
	0.03994675823	0.2567122744	0.02807804582	0.24179304	0.02219901426
	0.2235978085	0.01688837532	0.2028652693	0.01914674903	0.2135909598
	0.0189342237	0.2135702905	0.04623157906	-0.09618614759	0.03941378508
	0.120727851	0.03710389716	0.05656496501	0.03727608644	-0.02390911956
	0.01585860139	0.2015160174	0.03536731201	0.2116499175	0.03133546173
	0.1627717253	0.0289459842	0.2211409595	0.0220829325	0.2105118214
	0.01800223869	0.2050454398	0.01704395201	0.2049609018	0.0164481248
	0.2041167949	0.04183545904	-0.09606198833	0.03022323648	0.03620707192
	0.03165205417	0.1057239821	0.03186505113	-0.03061792657	0.014930686
	0.1972163232	0.02587356329	0.1804567854	0.02344544866	0.130356574
	0.01928539142	0.1796736999	0.01692538641	0.1874523988	0.01542448811
	0.1916578824	0.01475525345	0.1942404802	0.03726264894	-0.09103474899
	0.0236607878	0.04252215597	0.02553733979	-0.01964941333	0.01332425642
	0.1866700942	0.0188631315	0.09055147244	0.01648738961	0.1439664435
	0.01432927302	0.1611933972	0.01248464862	0.1670291926	0.01271806952
	0.1796909889	0.0310508046	-0.07892222287	0.01766998323	0.04008112747
	0.01874844499	-0.01067887961	0.01090501283	0.1700236301	0.0140671265
	0.1049283528	0.01026424689	0.1192085308	0.009285704183	0.1419495134
	0.01000003739	0.1602747396	0.02195699562	-0.05723387111	0.009752299552
	0.007277752334	0.01106306741	0.04466727434	0.007546598166	0.1493415833
	0.006910503921	0.08679897304	0.005388875946	0.1160574114	0.005860797337
	0.1354749575	0.008748032024	-0.02318544202	-0.0003649102563	0.04226846971
	0.002692107071	0.128192052	0.0008563460622	0.08873610305	-0.0008137605293
	0.1116852532	-0.008938093865	0.0659547154	-0.007907156591	0.02101574007
	-0.005391494826	0.1127903626	-0.006282346881	0.09509649824	-0.02115753665
	0.09546975641	-0.02740832292	0.07323567703	-0.02102195885	0.1132729425
	-0.04571551685	0.1221750182	-0.05785397427	0.1541648923	

(0,6.77783)
