1154	
	1.012065716	2.040586149	0.9170381505	1.920073412	1.00764086
	2.020786242	0.8307457127	1.81886888	0.8866911024	1.87838863
	0.9445986043	1.94125674	0.9982590005	1.991115335	0.7563517564
	1.735824649	0.8008122737	1.782661235	0.8445847388	1.824538129
	0.6927482519	1.667221037	0.9276219078	1.906968126	0.9831344918
	1.94954768	0.8734209707	1.839677863	0.7291408628	1.704314969
	0.77889529	1.752289534	0.821492088	1.786814326	0.6734313944
	1.645525254	0.6388865996	1.610466942	0.5946015801	1.564865967
	0.556994923	1.526436021	0.5275945515	1.496760336	0.5052143671
	1.474434397	0.4893968602	1.458690106	0.92619478	1.883063423
	0.962739129	1.897180418	0.8299759967	1.777137536	0.9392273085
	1.838404179	0.7067573806	1.674678202	0.743948743	1.708538062
	0.7796613021	1.735250045	0.6490047457	1.615770624	0.6245728231
	1.594411158	0.5671803116	1.535915137	0.4773042592	1.446599277
	0.5341988662	1.502520941	0.5111860958	1.479693436	0.4801703282
	1.449743024	0.4939804116	1.462349534	0.4830901008	1.451572647
	0.8806287127	1.773313779	0.8598736784	1.785187405	0.8023870555
	1.727171002	0.9113356264	1.770870875	0.6770634021	1.637830289
	0.7228276866	1.675098291	0.7315376931	1.667167267	0.6283306366
	1.587717709	0.607751847	1.573974478	0.5724281527	1.538279116
	0.5430277811	1.509098769	0.4755285004	1.443626807	0.5173756557
	1.482751418	0.4948444438	1.459787971	0.4760264745	1.443091034
	0.4831961827	1.446637231	0.4804814191	1.446625634	0.8509817991
	1.708368804	0.8204016109	1.711539346	0.7577589228	1.67321874
	0.7471896746	1.622860621	0.8799160102	1.696410921	0.6481775729
	1.59661665	0.6669244599	1.60485447	0.6851457727	1.609279707
	0.6042616106	1.555146244	0.577361051	1.535289549	0.546577615
	1.505304342	0.5199288855	1.479774187	0.4714278115	1.435432655
	0.499392078	1.460661076	0.4714874721	1.433888994	0.4787063702
	1.435720487	0.4722841729	1.431587142	0.8265239512	1.643524024
	0.7776348848	1.632038266	0.6638003633	1.563509684	0.717799073
	1.611329903	0.7056415567	1.56359218	0.8454477354	1.616111579
	0.6189873542	1.553398485	0.642203204	1.555636242	0.5799090909
	1.521326002	0.5467079548	1.493573207	0.5155853145	1.467343783
	0.464198055	1.421152057	0.4814900234	1.433501211	0.4625777379
	1.416411082	0.4671536357	1.415684537	0.6019946567	1.505479463
	0.7840279357	1.576154916	0.7328296794	1.548360809	0.6472233995
	1.526474964	0.6385534879	1.487565374	0.6769428425	1.502637057
	0.8089044796	1.531989042	0.5891920112	1.508135298	0.5440346546
	1.474508638	0.5209093282	1.461103723	0.4888168966	1.43248747
	0.5603325873	1.462572051	0.4542986219	1.401232344	0.4716100706
	1.412520753	0.4528672038	1.393083308	0.5774432062	1.461068936
	0.7502441665	1.498518707	0.7020326557	1.478468173	0.5984692969
	1.461371632	0.6127680239	1.429876665	0.648367763	1.437964321
	0.7701107062	1.443858852	0.4976687068	1.430643919	0.5388166375
	1.448446381	0.5073578438	1.427273647	0.4772965685	1.407508832
	0.5305034549	1.41520554	0.442384575	1.376441664	0.439277598
	1.368032274	0.4601079264	1.387213833	0.4491849848	1.376358011
	0.5525604027	1.415321041	0.7145250603	1.417507191	0.6692585441
	1.404507949	0.6251651127	1.385541737	0.5650328303	1.386616394
	0.5851676909	1.367782909	0.7296330595	1.352953537	0.6803111239
	1.340485311	0.4832249473	1.396522074	0.5005342928	1.401939426
	0.4613125604	1.367658157	0.4921819701	1.371802144	0.5101271276
	1.36999191	0.428616312	1.346903716	0.4301852642	1.347155583
	0.4362503187	1.350743286	0.4465324864	1.357522294	0.4488737827
	1.340484667	0.5297531959	1.364349557	0.5935323854	1.314674063
	0.6352468911	1.327688789	0.5556350606	1.302018462	0.5388137226
	1.328205042	0.6052710329	1.260726929	0.6878295534	1.26010318
	0.6419664787	1.254697695	0.6455726107	1.16706166	0.4684421159
	1.355008953	0.4718434148	1.32730179	0.4879285793	1.320663958
	0.4152136355	1.314920768	0.4122951854	1.312387401	0.4198639887
	1.31559557	0.4299288511	1.321502022	0.4301258803	1.299734752
	0.5052163061	1.309464019	0.5050811386	1.28192724	0.5681457304
	1.258733568	0.5300872468	1.244556448	0.5041406424	1.250674052
	0.5691632089	1.180943582	0.5271157061	1.166713447	0.6057678186
	1.175160934	0.5662916164	1.088419907	0.6028673903	1.073975595
	0.4424632333	1.297615947	0.4499434133	1.278833399	0.4643460998
	1.267973588	0.3947051912	1.273394204	0.4045207495	1.28180836
	0.3973205033	1.276523028	0.4154127827	1.289565884	0.4200594721
	1.263507939	0.4105735412	1.268395139	0.4767995223	1.246562506
	0.5036141791	1.185684766	0.4753697765	1.186558435	0.4722193928
	1.115259312	0.4930509643	1.091207994	0.5323139015	1.099923808
	0.5265781019	1.002398198	0.5178284384	0.8913161294	0.5601072368
	0.9817016668	0.4136212622	1.233750268	0.4313219601	1.237523148
	0.4272424877	1.185063179	0.3752405579	1.230737633	0.3850324543
	1.239371076	0.3757168467	1.228547185	0.3920549923	1.237875929
	0.3990491664	1.230687141	0.375148981	1.209365156	0.3773023848
	1.181698027	0.4376140479	1.158084208	0.4457660208	1.120312979
	0.4403214658	1.044429225	0.4758460928	0.802641422	0.4666460777
	1.032758265	0.4898824459	1.006476928	0.4591231524	0.9388371021
	0.487037635	0.9172925609	0.3910140697	1.182709504	0.4075551669
	1.183761589	0.4075792698	1.140554456	0.3547756378	1.184740952
	0.3594037165	1.181716442	0.3554645417	1.182601942	0.3665893735
	1.181343311	0.3607573327	1.144283405	0.4353506855	0.7178183668
	0.4097631266	1.095410598	0.4046267311	1.027623132	0.4081996454
	0.9730446295	0.4134270465	0.7593378821	0.4484408815	0.8336792975
	0.4324792009	0.9576110637	0.4283204678	0.8724461044	0.3674751283
	1.129408371	0.3875802043	1.09476845	0.3830381392	1.128157869
	0.3331880851	1.136048897	0.3379507702	1.132673285	0.3354737985
	1.137257901	0.34484873	1.13151375	0.3378143048	1.091637705
	0.3961638322	0.636614077	0.3765037072	0.6818765402	0.376982303
	1.047622348	0.3660813069	0.9963289658	0.3675663256	0.9444259864
	0.3812967138	0.9132274844	0.3926610278	0.7955663527	0.3987294232
	0.8831596968	0.3530052962	0.7096307481	0.3475663538	1.083769551
	0.3578890078	1.07106979	0.3113735561	1.084810263	0.3159317393
	1.081598992	0.3133678137	1.086768103	0.3224969334	1.079706615
	0.3199211307	1.050307002	0.3581863576	0.558974145	0.3382749483
	0.6014742287	0.3248879695	0.6494353712	0.348346734	1.005576247
	0.3380976879	0.932770857	0.3381099431	0.8780187362	0.3549134203
	0.8543919839	0.3655312128	0.8103327806	0.3334533857	0.7394771984
	0.327523596	1.037210102	0.3326061139	1.012569505	0.2887768253
	1.032070689	0.2962737962	1.035997314	0.2883728223	1.027527981
	0.2997509992	1.02652279	0.283376685	0.9973081112	0.301932711
	1.008346935	0.3219576953	0.485846397	0.2561656694	0.355339091
	0.2880068443	0.4180581118	0.3071887409	0.5366024987	0.2928390264
	0.5812607219	0.3022769027	0.6714669185	0.3217691236	0.944440521
	0.3104414756	0.8694789284	0.3091367452	0.8126214182	0.3151957491
	0.7654908359	0.2849478241	0.9675952567	0.2950925653	0.9614028481
	0.297170353	0.9301395312	0.2617456551	0.9118497953	0.2676045655
	0.9772180186	0.266122534	0.9780990947	0.2680144729	0.9685662955
	0.272177048	0.9614752237	0.2261973127	0.2973752222	0.2773598403
	0.4756829391	0.2469591726	0.4136989037	0.2669387809	0.5268858017
	0.2791055056	0.6213650307	0.2859026918	0.6997113673	0.295491962
	0.8833329927	0.2834096505	0.8072733382	0.2811576307	0.7488222674
	0.2722872581	0.8716800657	0.271062939	0.9045718321	0.2530106918
	0.8250588884	0.2387197703	0.8562763741	0.2497350156	0.9066030608
	0.2451734387	0.9230495189	0.243786122	0.9232162921	0.2456103106
	0.9141866503	0.2156449303	0.3555267541	0.1985409649	0.2447513872
	0.2379496177	0.4659247519	0.2476594805	0.567435324	0.2469582195
	0.6137665852	0.2541754882	0.6870816436	0.2577505132	0.7952084089
	0.2571654726	0.7461546179	0.2396435501	0.8289157897	0.2339161528
	0.7794547157	0.2164271852	0.8013650469	0.2318056323	0.8626419152
	0.2231980288	0.8685317532	0.2217089406	0.8681232182	0.2125523308
	0.823769505	0.22371806	0.8596259745	0.1732195885	0.197410568
	0.1502428309	0.1552421269	0.1294894994	0.1179631136	0.2096980141
	0.4164372808	0.1916343189	0.3076289941	0.1956576469	0.4528582331
	0.2207353777	0.5082916317	0.2209040517	0.5547526063	0.2244639152
	0.6388150425	0.2127797981	0.5920133052	0.2293820784	0.6821098978
	0.2332008437	0.7367826465	0.2002561485	0.8131382951	0.1109603455
	0.08538859406	0.2151280221	0.7343742099	0.2094525362	0.7548303517
	0.1998625159	0.7597368167	0.2014714504	0.7867411805	0.2017078653
	0.8142738971	0.1996049977	0.7984600012	0.1673910498	0.2594264865
	0.1454062836	0.2158148636	0.1269744883	0.1803208858	0.1806684434
	0.3548082766	0.1616383763	0.314855093	0.1778179611	0.414154821
	0.193810139	0.5114588583	0.1914493314	0.5770196039	0.2054979381
	0.6253939407	0.1986827554	0.6542074952	0.1929021618	0.6792042251
	0.1775961344	0.5286547447	0.1792182318	0.7590020768	0.0946468903
	0.05724512224	0.08040652671	0.03309788644	0.1074041185	0.1421486932
	0.1877212924	0.7006468816	0.1837647706	0.718681785	0.1858086243
	0.741451682	0.1789148626	0.7451651369	0.1797867456	0.7568138516
	0.1210922561	0.2299344594	0.1436636939	0.2781723168	0.130650111
	0.2808613322	0.1065432331	0.1999512171	0.1555292966	0.3653168014
	0.1639129773	0.4418067835	0.1464776687	0.4289463164	0.1563159951
	0.4775803792	0.1762872128	0.6587261282	0.1798615569	0.5852242517
	0.1739597654	0.6147995893	0.1589571898	0.5334838437	0.1591594609
	0.7056979496	0.0928259296	0.1143107445	0.07874868678	0.0871071
	0.0680843945	0.01249074546	0.05763570763	-0.005061180924	0.09071129805
	0.1667762816	0.1509793117	0.6245604615	0.1645508794	0.6612886993
	0.1656119267	0.6891318488	0.1594998903	0.6912480659	0.1586379327
	0.7004816308	0.1167584436	0.2783049695	0.1400107231	0.3314507605
	0.1039426918	0.250405278	0.1363390077	0.3794328037	0.1330400327
	0.4225132584	0.1393214403	0.484676763	0.1561178998	0.6070237973
	0.1535598851	0.5635739583	0.1401462779	0.6535968163	0.07886678519
	0.1428044761	0.06639301647	0.06329290442	0.04889153945	-0.0201535253
	0.05664394547	0.04488649903	0.04166414405	-0.03337815548	0.08846889271
	0.2153316339	0.07470173926	0.1834365469	0.1362662289	0.5858976217
	0.1433228421	0.6471821165	0.1425423085	0.6273364923	0.1410834193
	0.6525824085	0.1179387873	0.3361826729	0.09614656337	0.2825183366
	0.08557183898	0.2813198045	0.115037036	0.3784290039	0.1211098015
	0.4381957538	0.1267256513	0.4943813987	0.1225431838	0.5480326715
	0.1306370085	0.5401837852	0.1222692222	0.6029615632	0.03575985101
	-0.04527793584	0.06548279432	0.162867994	0.06449366506	0.1106702026
	0.04740186866	0.03096299808	0.05555434957	0.09206893509	0.04022389696
	0.0172489431	0.07675606891	0.2377518062	0.06434155165	0.206450052
	0.1211214729	0.5682307847	0.1229656417	0.5910505652	0.1210725775
	0.5957124251	0.08736503901	0.3187308318	0.0986750459	0.3374750115
	0.07584708434	0.2793159886	0.1097743454	0.4490175396	0.1043783805
	0.3946332976	0.1076180918	0.4775571192	0.1105813965	0.514544699
	0.1048936862	0.5213687753	0.105594411	0.5540396836	0.0307713171
	-0.05583040469	0.03399807964	0.00598885262	0.0543441039	0.1368976139
	0.0474275138	0.08448901277	0.03901601931	0.06580787163	0.06330878631
	0.2463569152	0.05325905878	0.1785326439	0.1043741532	0.5368688903
	0.1056986359	0.5509330694	0.07859462957	0.3255386984	0.0891426363
	0.3538748562	0.06877313618	0.2987247832	0.05704441407	0.2650517174
	0.09500093861	0.4414885585	0.09414652824	0.4062348625	0.09501093009
	0.4696557714	0.02588320775	-0.06317385402	0.09305469609	0.4856148694
	0.09143659945	0.4974594817	0.09015493468	0.5070313427	0.02758591203
	0.0005926164137	0.03275546527	0.0554576872	0.03805683062	0.1111908764
	0.04439788515	0.1240666988	0.05227389355	0.2167805044	0.04643906318
	0.1770653786	0.04917208875	0.2366244289	0.08942151981	0.5014828978
	0.05373825231	0.2832176556	0.07986109539	0.3661329961	0.06175140755
	0.3142628846	0.08321585851	0.4070054105	0.07699867416	0.4156419978
	0.08484747423	0.4509038698	0.01901529926	-0.0590783683	0.02075756534
	0.00194433503	0.0827772666	0.4760656075	0.08357096928	0.4658683967
	0.07609888799	0.4619128599	0.02541509266	0.05420060995	0.03011131698
	0.09431651618	0.03729179331	0.1541920021	0.04204068225	0.203910056
	0.04625616784	0.2537974713	0.07473228907	0.4541691586	0.05030440653
	0.307265811	0.06552809158	0.3545195868	0.06449205209	0.376004935
	0.0760727852	0.433876578	0.007079396592	-0.02613161145	0.01228323056
	0.02304241989	0.01933674708	0.05527987639	0.07382701908	0.4420717647
	0.06335099642	0.4187995518	0.02425097017	0.1025457181	0.02915445403
	0.1350777545	0.0186641093	0.1037720328	0.03695313019	0.2259208209
	0.03211200527	0.1832581285	0.04225428798	0.2900648506	0.03709172371
	0.2553633753	0.06306062772	0.414810374	0.06314627122	0.4063498499
	0.05312350684	0.3390867808	0.06111696034	0.3852341435	0.04116162723
	0.303811157	-0.01028441889	0.03872012423	0.001942545379	0.05192067624
	0.01024496322	0.08551930701	0.05188487338	0.3777501428	0.02400388233
	0.1441768895	0.01325724861	0.1187577608	0.02855116003	0.2017694966
	0.02251304317	0.1741256388	0.02887003772	0.2282740157	0.03494438779
	0.2727722657	0.05175858486	0.3745007438	0.05047541016	0.3617367966
	0.04778225137	0.3357289024	0.0363476122	0.2942050197	-0.03080301368
	0.120743552	-0.01014322803	0.08974620885	0.002924328876	0.1004344782
	-0.02245502915	0.1369233039	0.04173171598	0.3385649938	0.01652367819
	0.1486216445	0.006072337645	0.1339779772	0.02241639301	0.206468212
	0.01767316034	0.178834	0.0243368462	0.2311138866	0.02631707156
	0.2532039188	0.04105533763	0.3329312266	0.03790349978	0.3130441533
	0.0308694177	0.282812948	-0.0495715014	0.1958401596	-0.00170551517
	0.1292719662	-0.01131175356	0.1355106072	-0.02945144166	0.1647924966
	0.03284926315	0.3010350965	0.01150111083	0.1614848986	0.00554046425
	0.1472855601	0.01607940167	0.1897694805	0.01859745247	0.2127040302
	0.022242661	0.2406514963	0.02627466937	0.2646466473	0.0304905852
	0.2881945482	-0.05789880789	0.2273532783	-0.01361767633	0.1391879605
	-0.002658326502	0.1370714318	-0.02875481045	0.1576770763	0.02527228947
	0.2645568783	0.009851422915	0.1641186894	0.003803044932	0.1394651923
	0.01230695186	0.1786802023	0.01541960422	0.2004252105	0.01845360382
	0.2226073924	0.02170406319	0.2441786152	-0.04810284207	0.1862482008
	-0.007708614719	0.1199125441	-0.01507592405	0.1043502207	0.01885119876
	0.2285536425	0.001401226299	0.117687927	0.007849401436	0.1474865398
	0.01069224983	0.1670178019	0.01229173369	0.1801026775	0.01595760331
	0.2088251547	-0.01919296877	0.07271659708	2.793773288e-05	0.07976282541
	0.003688812813	0.02332115094	0.01361367994	0.192438139	0.004960216816
	0.1141120244	0.006953788265	0.1179450708	0.008859917222	0.1438813038
	0.01142111134	0.1733360759	0.01976536832	-0.07436054734	0.02208805393
	-0.05419032569	0.008693454293	0.03523634111	0.009491202486	0.1553304119
	0.007499068077	0.07080088237	0.007027943924	0.1040113803	0.00771104954
	0.1321542921	0.04948571512	-0.1814902462	0.02149033479	-0.04753665332
	0.006034690986	0.1179372995	0.008316793635	0.05217739883	0.00485942281
	0.08778042691	0.01515451805	-0.02378675161	0.04987102907	-0.178710339
	0.001041108585	0.0882781448	0.004950733871	0.05066727562	-0.002358042582
	0.03811687319	0.01693536434	-0.0589369832	-0.0113651014	0.08743980817
	-0.03112747986	0.1075966317	-0.05700124826	0.1921725005	

(0,2.25542)
