1154	
	-0.3211628385	-1.799810406	-0.1591858618	-0.8940197625	-0.2635830019
	-1.474155831	-0.07361099871	-0.4130567649	-0.09965812727	-0.5592552194
	-0.1370782994	-0.767937024	-0.1095063668	-0.6109760898	-0.03284834792
	-0.1822135424	-0.04614367361	-0.2579738214	-0.04434216115	-0.2482495797
	-0.01439260963	-0.07629235696	-0.03334817523	-0.1869142975	0.08677809956
	0.4838299105	0.01531904148	0.08617499685	-0.01996606764	-0.1087678464
	-0.02030130272	-0.111775064	0.004634776988	0.02752058721	-0.009452958096
	-0.0477071247	-0.00587927976	-0.02637034493	-0.002206264491	-0.003986629447
	-0.0002956607181	0.008240678098	0.0004861961485	0.01379929477	0.0008266823906
	0.01659883719	0.0009746881559	0.01806145955	0.09417451333	0.5253119775
	0.2581560438	1.435266141	0.05763663898	0.3244147656	0.3389027367
	1.879401301	-0.006560055566	-0.03224956133	-0.001895479809	-0.006948571145
	0.02105228039	0.1212131109	-0.002900542644	-0.009690472768	-0.003645125284
	-0.01318008616	-0.0004659934026	0.006914684527	0.001051266715	0.01897986972
	0.0004441844044	0.01333022955	0.0007887936543	0.01616899186	0.00103370314
	0.01875725914	0.0009622874914	0.01783348221	0.00102827914	0.01863919851
	0.2304783752	1.281644988	0.1389830557	0.7770313372	0.08581838117
	0.4831541466	0.316760013	1.751846121	0.001582441521	0.01489733036
	0.01430114459	0.08526081724	0.03475300581	0.2001764041	0.001825160168
	0.01797060358	-0.00105946321	0.002168493769	6.979310887e-05	0.009848358173
	0.0005612774561	0.01371996378	0.001069930309	0.01919035203	0.0009101978971
	0.01669655271	0.001058050537	0.018430863	0.001076477134	0.01923577957
	0.001111633517	0.01923969944	0.001074763125	0.01906995109	0.1813888692
	1.008129903	0.1383169453	0.7736961895	0.06461361015	0.366547903
	0.06568207352	0.3722600302	0.1805612981	0.9954709306	0.008409572593
	0.05476075048	0.01651494289	0.100023054	0.0267500668	0.157142403
	0.004421579102	0.03371525498	0.001971881816	0.02065322221	0.001546090853
	0.01935107518	0.001308986458	0.01899036656	0.001113400226	0.01971650363
	0.001180345977	0.01903480103	0.001129218498	0.01984649062	0.001217948323
	0.02018365001	0.001165719826	0.02010076021	0.08543769224	0.4752494993
	0.08082961204	0.4545526688	0.02399333957	0.1424548251	0.04740105173
	0.2716831668	0.02928395548	0.1705277059	-0.02443155216	-0.1349415119
	0.0100652567	0.06538234994	0.01793756737	0.1091370972	0.005140271906
	0.03882538515	0.002846327136	0.02695011088	0.001747853852	0.02181670938
	0.001166831452	0.02051174275	0.001323700893	0.02077914968	0.001189437146
	0.02079044862	0.001268899294	0.02116671608	0.009898059034	0.06523905196
	-0.009650625181	-0.04936104524	0.0002584235799	0.007697881902	0.01537048103
	0.09458026166	0.0009607391868	0.01388132955	-0.007020841882	-0.03161926303
	-0.2077483091	-1.139337694	0.0080005797	0.05490897893	0.003693192578
	0.03206624742	0.002388585781	0.02543847705	0.001565625601	0.02201201884
	0.004572254208	0.0365980188	0.001209210729	0.02144857889	0.001383224089
	0.02177192045	0.001247947503	0.02189078973	0.00366586465	0.03087165826
	-0.1222439981	-0.6694917615	-0.06380816011	-0.3471055793	0.001385656568
	0.01730850487	-0.01872406404	-0.09599107492	-0.04201157238	-0.2262378898
	-0.3337788399	-1.823637441	0.001891311252	0.0236530503	0.003336840916
	0.03037734121	0.002147434691	0.02483207357	0.001518335324	0.02246144831
	0.0009775472466	0.01733082807	0.001238322974	0.02249438955	0.001249896829
	0.02283987343	0.001337375778	0.02229810798	0.001277414154	0.02250296015
	-0.001617629588	0.001758998139	-0.1941577227	-1.063079481	-0.1084186687
	-0.593405804	-0.06043509119	-0.3284761224	-0.01394000702	-0.06825167476
	-0.03338387788	-0.1777637121	-0.3588717926	-1.9529458	-0.2063200312
	-1.127402514	0.001472414682	0.02211386506	0.001382641859	0.02086974149
	0.001137082399	0.02134442793	-0.0001003605199	0.01284063838	-0.002306134765
	-0.0005496396396	0.001266705136	0.02374291139	0.001258030148	0.02362318495
	0.00123581672	0.02319032451	0.001179702822	0.0223274293	0.0008320300066
	0.02040695983	-0.007533848758	-0.03105541556	-0.06579397452	-0.3583520567
	-0.1174631222	-0.6428135774	-0.03622497072	-0.1937244144	-0.01964522598
	-0.09997841712	-0.09396513228	-0.513447484	-0.2742567084	-1.485922186
	-0.155860484	-0.8493602106	-0.1032027543	-0.5560127147	0.0004540448337
	0.01717281373	-0.001504262782	0.005817734838	-0.004621188242	-0.01286729891
	0.001289003579	0.02503254489	0.001317837259	0.02538203887	0.001206297703
	0.02430240638	0.001033156958	0.02270040041	0.0005370090578	0.01998543324
	-0.0103689577	-0.04647331328	-0.01374990959	-0.06592697653	-0.05432454907
	-0.2952189148	-0.02834099249	-0.1498265846	-0.01661100236	-0.08262349201
	-0.03928872435	-0.2139974137	-0.01342270844	-0.06976276619	-0.06344328735
	-0.34576279	0.05745347277	0.3089959471	0.101757128	0.5472863362
	-0.0003756088035	0.01398285996	-0.001983790764	0.004196054119	-0.004889306439
	-0.01346761034	0.001443240306	0.02772051748	0.00125551216	0.02589204496
	0.001392799175	0.02720141077	0.000987218305	0.0235638237	0.000219180895
	0.01892375325	0.0008409386737	0.02318922427	-0.008663919215	-0.03609388596
	-0.01182936976	-0.05813736028	-0.006610969026	-0.02619119797	0.01136923706
	0.07091863036	0.02780051493	0.1570223906	0.03274188097	0.1789821495
	0.1640152072	0.882127508	0.3834846257	2.036195056	0.2806347567
	1.499465332	-1.403941263e-05	0.01796692579	-0.001388887832	0.008642485359
	-0.0007771023569	0.01156418298	0.001671222343	0.03095680928	0.001457963881
	0.02883595947	0.001649320787	0.03080980088	0.001203866036	0.02683289077
	0.0008287291645	0.02407590602	0.001599543707	0.03069677105	0.001552220018
	0.03013847207	0.0003864046909	0.01619229309	0.007314007391	0.05238254914
	0.03273123953	0.1901001612	0.3801843631	2.004886123	0.05696558911
	0.3170539256	0.1050415423	0.5716362811	0.1341802306	0.7288006161
	0.2270576173	1.217578139	0.001113187823	0.02616151451	0.000458938842
	0.02066291383	0.002423441568	0.03085748232	0.002014261788	0.03519038848
	0.001931046073	0.03423263866	0.002007391409	0.03509693074	0.001799794975
	0.03268387062	0.002251269564	0.0357677238	0.2715370469	1.420833845
	0.00817552705	0.06144209864	0.02357299854	0.1450931676	0.04586877816
	0.2643523633	0.1647534155	0.8794493751	0.2249830889	1.201492359
	0.07840749513	0.4355979366	0.1350883756	0.7341747629	0.002652776112
	0.03702776726	0.005956910743	0.05219698858	0.002938288335	0.03662133496
	0.002453146322	0.04034800039	0.002465686788	0.03981751428	0.002435754211
	0.03997791238	0.002472841082	0.03895376967	0.003237371466	0.04392627891
	0.08778311539	0.4544684098	0.05574943859	0.3043465642	0.01030758826
	0.07682421742	0.01628295514	0.1101529692	0.02773790559	0.1712622974
	0.04574742084	0.2659130655	0.1000582796	0.5477274963	0.07707396108
	0.4303866946	0.02208098645	0.1347612497	0.003892417341	0.04609669913
	0.005256765411	0.05204775756	0.002963727193	0.04630437788	0.00304479229
	0.046023446	0.002948580374	0.04588178222	0.003180001775	0.04576427183
	0.003868975236	0.04970707526	-0.1207338522	-0.6231936291	-0.08508832268
	-0.4294892232	-0.04684187305	-0.2268647315	0.01008635444	0.07896372981
	0.01557012135	0.1089484838	0.02132076052	0.1388046192	0.03547243096
	0.2122413805	0.0515888829	0.2953185371	0.008920531454	0.06873057544
	0.004849455675	0.05376814787	0.00683018169	0.06352008572	0.003502160041
	0.05285144914	0.003521716524	0.05159720728	0.003560033265	0.05320976344
	0.00377831954	0.05232420795	0.003937883585	0.05590987256	0.004269516629
	0.05436158465	-0.3090103138	-1.576152168	-0.4499215763	-2.237224066
	-0.4274672129	-2.154347633	-0.1919390365	-0.976836188	-0.1194661849
	-0.604526672	-0.03913618669	-0.1854706746	0.009805130497	0.08015417263
	0.009974454708	0.08076329961	0.007210118304	0.06425155647	0.00350511486
	0.04227764449	0.004492686833	0.05804168487	0.005179949746	0.05966734147
	0.006311608005	0.06470071627	0.004453973398	0.06136519554	0.00408379311
	0.05978066457	0.004074353946	0.06003872529	0.004168883007	0.05994434402
	0.004258577076	0.05928161435	-0.3758207274	-1.840015306	-0.2625277673
	-1.331158806	-0.2814111588	-1.416707898	-0.1600818082	-0.8134836038
	-0.07224326951	-0.3598043424	-0.02643359988	-0.11710998	0.006645771293
	0.0653658482	0.001152424424	0.0346181975	-0.009437438098	-0.02446369123
	0.004250048746	0.05617028949	0.004600715955	0.05967326975	0.002107443854
	0.04657270347	0.004250469708	0.06403441004	0.004559340098	0.06490802421
	0.004691076605	0.06754480796	0.004729291473	0.06817354087	0.004671031084
	0.0669633423	-0.22315702	-1.114457755	-0.2244409057	-1.078546888
	-0.174002505	-0.8834808146	-0.08876167532	-0.4473498934	-0.05578151645
	-0.2736304389	-0.02428730074	-0.1038935717	-0.0006914247201	0.02852801232
	-0.008325682824	-0.01549712078	0.003205843462	0.05641003366	0.0004402906918
	0.03958621247	0.004494789603	0.06957842136	0.004831938153	0.06987236542
	0.005452669547	0.07669456927	0.005548668431	0.07779080772	0.005654694206
	0.07930799828	0.005318175954	0.07525746008	-0.03019190962	-0.1391613405
	0.1719962555	0.7974618607	0.3478020884	1.564994	-0.1357713349
	-0.687733195	-0.136355109	-0.6791410572	-0.06940149533	-0.3507825511
	-0.09127154299	-0.46158846	-0.06108249635	-0.3026556805	-0.02559535997
	-0.1099429035	-0.03391307699	-0.1560163182	-0.01514014115	-0.05145695845
	-0.005046411227	0.006629774272	0.006655703635	0.08964329547	0.4726847417
	2.056224859	-0.0002378727227	0.03819984244	0.002902676777	0.05955140276
	0.005099472952	0.07638805274	0.005863034241	0.08228516409	0.006489899695
	0.08800899748	0.006444189814	0.08754625005	-0.009737756895	-0.06246789359
	0.1250230617	0.5706196117	0.2346805998	1.063751407	-0.06487346657
	-0.3326469223	0.004345054743	0.006849420149	-0.03887670401	-0.196960226
	-0.04044242811	-0.1955462945	-0.01617877633	-0.05842815034	-0.01582510445
	-0.05459713614	-0.005722094376	0.005583368375	0.0005897938256	0.04565877418
	-0.01236013705	-0.04091568559	0.008122181525	0.1042559236	0.5407473009
	2.25860501	0.5510796873	2.189165243	0.3348933221	1.480636352
	0.00425767576	0.0709501494	0.006336644229	0.08694825672	0.006827356782
	0.09123373013	0.007947684375	0.1019287259	0.008020757224	0.1031010868
	0.1781180358	0.821609462	0.07802863956	0.3606873043	0.1090854961
	0.5137878083	0.2317143576	1.054036178	0.01482793325	0.06968770723
	-0.00553929448	-0.01747923734	0.02255783816	0.1327948311	0.007889786663
	0.06462545778	0.005069512519	0.07597487667	-0.004872565244	0.007945069835
	0.002463886097	0.05586899604	0.006645336593	0.07073425809	0.01003656137
	0.1221206438	0.3828824411	1.645391612	0.3995726924	1.649182539
	0.5156958349	1.922894599	0.4498666396	1.545073277	0.2740097512
	1.220747585	0.0116705303	0.1242885267	0.008735968623	0.1041356093
	0.009051342864	0.1095266252	0.01005227484	0.1199529066	0.01010994822
	0.1222303499	0.1294431355	0.620934832	0.06047320385	0.2925249469
	0.1634636798	0.7770077342	0.0466654851	0.2453880832	0.03695036754
	0.2161592841	0.02223894047	0.1553576061	0.009995189157	0.1072900763
	0.01060017406	0.1029005704	0.01237435374	0.143085683	0.2879880309
	1.254988827	0.3830395447	1.50811094	0.3705039457	1.139546456
	0.3452971438	1.284275806	0.2912287694	0.7669770901	0.197328122
	0.9204339284	0.2130322185	0.9726020318	0.01581251646	0.1520195752
	0.01242238334	0.1393184595	0.01305538211	0.1397389959	0.01235319426
	0.1419249097	0.08543953816	0.4372195953	0.1300725352	0.6492506765
	0.1225565083	0.62731694	0.06424535025	0.3559072483	0.04032992802
	0.2525612627	0.02679849827	0.1954457688	0.02029748519	0.1818270029
	0.02016597038	0.1696110148	0.01504166982	0.1664980376	0.2203469028
	0.4595535949	0.2120619597	0.9477504431	0.2846757847	1.185931021
	0.2860134083	0.9900215808	0.2641122462	1.059815163	0.2357597338
	0.7441865029	0.1531279886	0.7504802492	0.1576638464	0.7587255211
	0.01807384129	0.1765542985	0.01603972686	0.1686176165	0.015543394
	0.1691518395	0.09493410194	0.5159274557	0.08822095184	0.4765789796
	0.112205464	0.5928458994	0.03922070244	0.2659221044	0.05839778576
	0.3487508219	0.03182158258	0.2406356045	0.02478750591	0.211253502
	0.02257331807	0.2091194874	0.01779197492	0.1907646697	0.1626230729
	0.228996782	0.1871587736	0.5199019989	0.1998246151	0.8676084111
	0.2234039482	0.8730319673	0.1870888294	0.6802614449	0.1173835429
	0.6129152151	0.1516000671	0.7139258071	0.01996482878	0.1999075802
	0.01824089401	0.1923535442	0.08193512069	0.4718251491	0.0738765588
	0.4298845966	0.08688739877	0.497264449	0.08960626663	0.5068012244
	0.03882965895	0.2828231671	0.05097866517	0.3322993491	0.03066998953
	0.2504885423	0.1191566804	0.06985746279	0.02606174299	0.2341771118
	0.02281553871	0.222770258	0.02037398976	0.2141090917	0.1397232291
	0.3233899985	0.1549985903	0.5253925283	0.1473506698	0.6068909946
	0.1669401602	0.7115731391	0.1147389068	0.5895476737	0.1291451283
	0.6192164077	0.09179757158	0.5063054958	0.02114586971	0.2178727186
	0.07141172218	0.4381571286	0.06034440542	0.3852031387	0.06692053851
	0.4221529334	0.04476203046	0.3190355549	0.03707849783	0.2934444094
	0.03095973469	0.2614899723	0.08918344439	-0.03161948609	0.1030208962
	0.1763267155	0.02321770723	0.2318403756	0.02620008607	0.243371137
	0.02251151306	0.2343104513	0.1163410549	0.3603161536	0.1215941102
	0.4676845722	0.1137927188	0.5303573857	0.09535769176	0.5023502655
	0.07383282853	0.4409074031	0.02348670549	0.2394170822	0.05216904944
	0.3663976694	0.05106741585	0.3585490249	0.04032090393	0.3156842409
	0.03029621155	0.2665606541	0.0723852034	-0.08809139436	0.07826137932
	0.09003372489	0.09226169817	0.2503018933	0.0261118529	0.2509854225
	0.02400259956	0.249620223	0.09505309046	0.3643003106	0.09644799346
	0.4271153486	0.07820556468	0.2817330223	0.0683227595	0.4037851716
	0.07952027916	0.4165288153	0.04597831866	0.3385944279	0.05310735261
	0.3570944366	0.02492585261	0.2536710258	0.02774759285	0.2653157689
	0.04147148271	0.3250046765	0.03298908701	0.2879890907	0.03760037783
	0.3075855059	0.0660653173	-0.1201234893	0.0641396501	0.0191524811
	0.06574353004	0.1594813541	0.02463558264	0.2581991081	0.07637514953
	0.3504725629	0.06130552488	0.2178415375	0.06046876126	0.3511403806
	0.05886547918	0.3112744221	0.04784683115	0.3183421628	0.03986640668
	0.3094267525	0.02558980607	0.2621349253	0.02849238676	0.2741620919
	0.03487783008	0.2994734064	0.03293883765	0.2878589851	0.06546539017
	-0.1443450004	0.05833768821	-0.03548045712	0.05505081672	0.09471638257
	0.05545572169	-0.07136455187	0.0243464671	0.2588319778	0.0564559882
	0.2557180991	0.04663141784	0.1459730208	0.04298989286	0.2783366052
	0.04520815338	0.252335179	0.03538753702	0.2695555755	0.02955459553
	0.2601036572	0.02537536061	0.2626480504	0.02788105583	0.2708870022
	0.02661760158	0.260165385	0.06754506184	-0.1662891356	0.04564432082
	0.07439322236	0.04682788554	0.002839727503	0.05448155889	-0.0923347814
	0.02315592045	0.2510350859	0.04043674886	0.1947805085	0.03732628501
	0.1346166686	0.03478846049	0.2244663365	0.02823759908	0.2278358802
	0.0243521072	0.2350624961	0.02380397849	0.2437756546	0.02360852887
	0.2503833684	0.07046328806	-0.1853033742	0.0437788673	-0.02307173143
	0.03982317125	0.06238874369	0.05408182345	-0.1106171406	0.02124959497
	0.2351890953	0.03173217722	0.1679095476	0.0309103667	0.1011021351
	0.02497347844	0.1804201862	0.02249823554	0.2005077554	0.02108306144
	0.2147666673	0.0206694895	0.225450031	0.07230044743	-0.197876571
	0.0377571492	-0.01513496774	0.04920420876	-0.1028147101	0.01876069898
	0.212692475	0.02886721688	0.05189633394	0.02282058324	0.1303692502
	0.01972868618	0.1609875697	0.01747743183	0.1750035721	0.01783929114
	0.1989129999	0.06982403433	-0.1956498895	0.03295701519	-0.01784654357
	0.04319551863	-0.09356518624	0.01560739316	0.1846901138	0.0222633941
	0.07719684587	0.0166155274	0.1029621513	0.01417416347	0.1394694963
	0.01453888838	0.168705459	0.06009755157	-0.1705623715	0.03143887923
	-0.06358211696	0.02548556147	-0.007263821762	0.0115936845	0.1546250085
	0.01506752349	0.05945064339	0.01043509766	0.1053695013	0.009851083024
	0.1347932285	0.03977418975	-0.1135020896	0.01253300827	0.0001492472193
	0.005763731309	0.1283194818	0.006840798198	0.07038152159	0.002013479162
	0.1080581446	-0.002761146191	0.04768330539	0.009910990445	-0.0282687977
	-0.004865929367	0.1168546943	-0.003897973398	0.09041766564	-0.02469636752
	0.1102270478	-0.02773616123	0.07902370191	-0.02750512925	0.1394592064
	-0.06373203471	0.1805292586	-0.08550500705	0.2403051066	

(0,5.84348)
