1154	
	0.009032984447	0.009411620541	0.008800843925	0.00585918184	0.009036722985
	0.009318048743	0.008588939545	0.00221865629	0.008744837608	0.004696042588
	0.008898602379	0.007061716995	0.009059595111	0.009243284797	0.008401515787
	-0.001295183023	0.008526099993	0.000896606043	0.008668659846	0.003009871035
	0.008236257389	-0.004625685663	0.008910132629	0.006686837509	0.009103780609
	0.009183006712	0.008814140382	0.004582886128	0.008344069999	-0.002657020751
	0.008506092247	-4.510523082e-05	0.008674215143	0.002195949522	0.00819450389
	-0.005699782706	0.008092564446	-0.00771508069	0.007969602231	-0.01047548534
	0.007864896025	-0.01296042918	0.007781289423	-0.01503127418	0.007715767144
	-0.01667665518	0.007669690312	-0.01788428003	0.008993436194	0.007104340618
	0.009174221655	0.009140652181	0.008792259409	0.003017022556	0.009272843986
	0.009116309134	0.008325814929	-0.003786221944	0.008457228953	-0.001718538056
	0.00861225231	0.0003086625761	0.008163265878	-0.007109935057	0.008063875512
	-0.008584723423	0.007902467968	-0.0122860959	0.007635517974	-0.01883858656
	0.007810130635	-0.01459332672	0.007741530161	-0.01626916959	0.007639912088
	-0.0185878184	0.007694322798	-0.01759003672	0.007662363549	-0.01844004489
	0.009185120192	0.006766499603	0.008976822603	0.004959718592	0.008849244476
	0.002155617896	0.0094045435	0.009112579582	0.008292668122	-0.005419825248
	0.008480249371	-0.002682021543	0.008615275695	-0.001903772298	0.008166733529
	-0.008392605836	0.008046558977	-0.009675594333	0.007947115567	-0.01200707852
	0.007860513167	-0.01404857006	0.007646306186	-0.01907569235	0.007796216103
	-0.01596564546	0.007739587238	-0.01774212522	0.007661311756	-0.01911698906
	0.007727544159	-0.01878962542	0.007685382289	-0.0188201304	0.009316728918
	0.006453844177	0.00907749971	0.003952340139	0.008807259083	-5.824150281e-06
	0.009045337104	0.0003740232015	0.009572888905	0.009130209607	0.008312129066
	-0.007092606465	0.008443069632	-0.005823583403	0.008592016044	-0.004497438912
	0.008178672022	-0.01002579474	0.008040057849	-0.01180858252	0.007949697956
	-0.0140182244	0.007866941228	-0.01600955806	0.007689372439	-0.01973971909
	0.007796945359	-0.01759274523	0.00771062395	-0.01985692031	0.007798273555
	-0.01959881769	0.007753194513	-0.02001559679	0.009508450119	0.006570777401
	0.009225283685	0.002749188545	0.008738165659	-0.005491581505	0.00887566466
	-0.001840312764	0.009113138962	-0.00171570625	0.009782420432	0.009170254981
	0.008362555923	-0.009016948687	0.008589486202	-0.007230114473	0.008209059492
	-0.01184612812	0.008076806405	-0.01431381579	0.007949407076	-0.01668860031
	0.007765020667	-0.02092685171	0.007867903745	-0.01965036559	0.007802748033
	-0.02131310901	0.007882067302	-0.02123914835	0.008608394806	-0.01015598755
	0.009617785719	0.005195841188	0.009433402484	0.001327994277	0.00887855797
	-0.006290305169	0.009118785922	-0.00631803487	0.009327546116	-0.00277387588
	0.01003871988	0.009233954234	0.008443348824	-0.01121142796	0.008244721046
	-0.01485292868	0.008093256127	-0.01664390176	0.007987024631	-0.01942419639
	0.008561216411	-0.0136822686	0.00787791059	-0.02264991793	0.007988316974
	-0.02124953399	0.007964688974	-0.02327038001	0.008761308757	-0.01203532925
	0.009885108813	0.004930587494	0.009696573651	0.000703436788	0.008971111021
	-0.009952854325	0.009384683867	-0.007671033897	0.009606765105	-0.003786175943
	0.01035059273	0.009324454813	0.008132315895	-0.01903445174	0.008455098089
	-0.01558611248	0.008299626106	-0.01847469129	0.008132289472	-0.02120977246
	0.008712628136	-0.01658011507	0.008031326522	-0.02488177066	0.008099523639
	-0.02562640111	0.008147870145	-0.02326679121	0.008132169882	-0.02452070186
	0.008951584249	-0.01426177053	0.0102074297	0.004617456439	0.01001635087
	-1.068161633e-05	0.009862663905	-0.004688284338	0.009355026691	-0.01231794687
	0.009709690703	-0.009230525856	0.01072498843	0.009441781253	0.010562749
	0.004273371268	0.008347200414	-0.02122426259	0.008503810721	-0.01958938528
	0.008413830346	-0.02405656888	0.008751131188	-0.02089303048	0.008976674187
	-0.01886554775	0.008231909091	-0.02769514369	0.008250911733	-0.02756120837
	0.008289694304	-0.0269086368	0.008342602261	-0.02571512959	0.008597661903
	-0.02624889279	0.009242318272	-0.01638879792	0.01025196608	-0.006025474394
	0.01040636612	-0.0008664698097	0.0100996863	-0.01104317502	0.009702470357
	-0.01443984086	0.01079291865	-0.001677517367	0.01116594234	0.009581989139
	0.01102051793	0.003872132902	0.01169973565	0.009758024642	0.008661886174
	-0.0237308056	0.00904342989	-0.02379807184	0.009297466121	-0.02159391608
	0.008484520282	-0.03079902952	0.008477498652	-0.03121225376	0.008540050232
	-0.03029701118	0.008596410332	-0.02896234676	0.008891898842	-0.02975176336
	0.00959602574	-0.01891312501	0.009904590573	-0.01837662906	0.01059577373
	-0.007211937358	0.01049461439	-0.01284590169	0.0102378248	-0.01754078334
	0.01132429818	-0.002823063041	0.01127154773	-0.009399739334	0.01151294429
	0.003430814983	0.0121477337	0.002883361688	0.01232704948	0.009957865893
	0.009071342746	-0.02815663608	0.009399564517	-0.0272209026	0.009682899116
	-0.02480814246	0.008794314586	-0.03551495326	0.008806154542	-0.03379766157
	0.008781627581	-0.0349588685	0.008840787155	-0.03202060107	0.009261605948
	-0.0321923194	0.009076325774	-0.03352349878	0.01005879146	-0.02228801363
	0.01094730517	-0.01487924274	0.01075814227	-0.02059342062	0.01158062716
	-0.01768550946	0.01193244937	-0.01153853996	0.01195511155	-0.004093483381
	0.01288997305	0.002221000858	0.01394070445	0.01042654775	0.0130639686
	0.01017949982	0.009593050758	-0.03370538785	0.009737100292	-0.03045587064
	0.0103974503	-0.03067686512	0.009164751023	-0.04065321433	0.009163437473
	-0.03858089558	0.009203935987	-0.04067799458	0.00927828614	-0.03753341112
	0.009469468518	-0.03648268944	0.009492619275	-0.04163479448	0.009939396952
	-0.04184333553	0.01083629905	-0.0276060077	0.01137462573	-0.02403901923
	0.01232644625	-0.02100058042	0.01495413416	0.01067171853	0.0125255466
	-0.01340548012	0.0128384679	-0.005840572732	0.01361245974	-0.007395047497
	0.0137689326	0.001478434442	0.01007601128	-0.03873796111	0.0102306215
	-0.03500577005	0.01084411267	-0.03427640224	0.009613216186	-0.04676108169
	0.009719938905	-0.04585659141	0.009657809935	-0.04672506693	0.009813246823
	-0.04419426072	0.01033559705	-0.04637558525	0.01618446089	0.0109396004
	0.01149890414	-0.03212835834	0.01243222873	-0.02983702999	0.01321343884
	-0.02475978285	0.01596997483	-0.0004477074268	0.01482902196	0.0005717910329
	0.01341319415	-0.01623507997	0.01448794309	-0.009168853754	0.01064398102
	-0.04460948048	0.01135832819	-0.03826293647	0.01081315925	-0.04038009328
	0.01013620651	-0.05395339753	0.01025803074	-0.05279325015	0.01014953617
	-0.05335525165	0.01036053975	-0.05087425701	0.01096156097	-0.05345544711
	0.01764121106	0.01119034128	0.01741753239	-0.001838865969	0.01201980849
	-0.03963283949	0.01278019026	-0.04053283163	0.01361733123	-0.03631485658
	0.01409272377	-0.02848479586	0.0157076375	-0.01159640919	0.01447637064
	-0.01952145077	0.01742994584	-0.01498919719	0.01119480286	-0.05024011821
	0.01149947435	-0.04668374733	0.01077336843	-0.0624461601	0.01088949753
	-0.06090387075	0.01075547718	-0.06158693653	0.01100153515	-0.05865970678
	0.01151378034	-0.05968224566	0.01934161583	0.01137859942	0.01931309114
	-0.003582975227	0.01894054033	-0.01804112284	0.01254151306	-0.04763850851
	0.01379404817	-0.04723321938	0.01477806464	-0.04254059336	0.01511152607
	-0.03281435305	0.01574375092	-0.02340239756	0.01726417975	-0.028044083
	0.01182658652	-0.05661204367	0.01231735086	-0.0539471888	0.01149616375
	-0.07232900071	0.01151454142	-0.06905712408	0.01158383796	-0.07259401984
	0.01174741598	-0.06775960589	0.01215990627	-0.07525183039	0.01213892337
	-0.06668482513	0.02138836476	0.011489795	0.02695717836	0.0112266921
	0.02390091799	0.01147835748	0.02127807578	-0.005588329223	0.02104957425
	-0.0222991151	0.01907297077	-0.03363646679	0.01353482856	-0.05529637305
	0.01500502039	-0.05503313911	0.01616238761	-0.0498058854	0.01701844402
	-0.04066422969	0.01281643767	-0.07412572454	0.01303948182	-0.06872955636
	0.01371041938	-0.06631461561	0.01386826062	-0.08568649665	0.01239095133
	-0.08325070182	0.0123365926	-0.08383082718	0.01258401323	-0.08292374965
	0.01279987218	-0.0805411671	0.03060063197	0.01055073208	0.02359388842
	-0.008031869044	0.02663771476	-0.01143865207	0.02316774559	-0.02676099934
	0.0207203699	-0.03879343121	0.018828261	-0.04800737485	0.01470956051
	-0.06411134481	0.01644955638	-0.06427580569	0.01781663393	-0.05843338002
	0.01493016193	-0.07702149367	0.01411713263	-0.07954702462	0.01607216145
	-0.08668617042	0.01508648188	-0.0991029064	0.01385264913	-0.09315960351
	0.01335574976	-0.09633977439	0.01332558183	-0.09722801501	0.01358822227
	-0.09588755559	0.03068230106	-0.01823303511	0.03511366073	0.009265829738
	0.02616476316	-0.03320270058	0.02315374567	-0.05078710901	0.02195906435
	-0.0610747444	0.01981570202	-0.06873913409	0.01684492023	-0.08021558207
	0.018175905	-0.07500530449	0.01586991813	-0.09678904543	0.01734698907
	-0.09769150967	0.01650602879	-0.1148206254	0.01479747265	-0.1046015336
	0.01447577732	-0.1114958093	0.01445766424	-0.1127239205	0.01569722847
	-0.1195369989	0.01475782161	-0.1109025035	0.04073691191	0.007009810937
	0.04783772138	0.003221373389	0.05681679262	-0.003002097059	0.02980112514
	-0.04500591241	0.0349130503	-0.02431967398	0.03008745026	-0.07377046812
	0.0262583812	-0.06088561029	0.02482544791	-0.07283117193	0.02198931756
	-0.08696565555	0.02393806306	-0.08980246985	0.02047061041	-0.0894445121
	0.01865612668	-0.09348568913	0.01576223652	-0.1306232238	0.0683413747
	-0.01308546243	0.01881924792	-0.1105366199	0.01804729394	-0.1180603488
	0.0177442722	-0.1283722167	0.01674973339	-0.1280341246	0.0157456018
	-0.1289366848	0.01626692896	-0.1306141858	0.04065179948	-0.03260320656
	0.04797393555	-0.0441167494	0.05630177457	-0.05909474895	0.03524496057
	-0.05790018683	0.04016237674	-0.07040263485	0.03350281809	-0.08582317687
	0.02797293762	-0.09348700087	0.02546997096	-0.1131416638	0.02299647691
	-0.1051345395	0.02195913829	-0.1178105831	0.02098473545	-0.1285758372
	0.0283732027	-0.1217527768	0.01719951038	-0.1510354687	0.08353321312
	-0.0294410294	0.1036983212	-0.05606848334	0.0690664105	-0.08282350592
	0.02001698846	-0.1369996767	0.01915685377	-0.1435794059	0.01819707843
	-0.1426808817	0.01779499955	-0.1507814526	0.01731224157	-0.150242969
	0.05668131052	-0.1137388944	0.04595727889	-0.08606329807	0.05008966381
	-0.1206628852	0.06643542628	-0.1423192458	0.03905615913	-0.1049673312
	0.03383169185	-0.118886127	0.03693730815	-0.1507227833	0.03272149205
	-0.1449201885	0.02189100264	-0.1476047164	0.02548885562	-0.1308703481
	0.02412102654	-0.1448874625	0.02915493563	-0.1545357351	0.01883010412
	-0.1743564489	0.08331395348	-0.1135893425	0.103887185	-0.1607493276
	0.1308026405	-0.09967054456	0.1685452187	-0.1725420246	0.08125100612
	-0.1878109904	0.02333307647	-0.1825602599	0.02154223388	-0.1643381297
	0.02003952284	-0.1648212301	0.01965823727	-0.1736002508	0.0190829197
	-0.174940326	0.05507168156	-0.1626155026	0.04417962993	-0.1230734266
	0.06331287361	-0.194996126	0.0417567208	-0.1548630841	0.03905135847
	-0.1809251981	0.03354721866	-0.1833345225	0.02454870914	-0.1716571243
	0.02734828632	-0.1697059862	0.02064829521	-0.2007676952	0.09711949949
	-0.2404419168	0.1311512587	-0.2327490827	0.2219975662	-0.296307248
	0.1654521273	-0.3329668075	0.299111113	-0.5098390924	0.07751980023
	-0.2494134995	0.09599618489	-0.3241674628	0.02548301803	-0.2051509323
	0.02137136523	-0.1958582015	0.02269059718	-0.1961403608	0.02079219972
	-0.1992112719	0.04945325005	-0.1901341519	0.06320443514	-0.2522972103
	0.06874005968	-0.3119350169	0.04600408861	-0.2187497338	0.03898241444
	-0.2181392777	0.03319561644	-0.2145184864	0.02790732665	-0.2302243785
	0.0290343211	-0.2117137012	0.02265369274	-0.2304130959	0.413988432
	-0.8864349776	0.1139151435	-0.400699423	0.1276382996	-0.3426503229
	0.2166418887	-0.51637416	0.1568444751	-0.4547588586	0.2808333361
	-0.7590068741	0.08250401019	-0.3472710661	0.1020651286	-0.4445594327
	0.02575379905	-0.232914313	0.02382107779	-0.2292742303	0.02314464039
	-0.2328583406	0.06114794497	-0.3157879579	0.05482079821	-0.2669716461
	0.07347227925	-0.3732068084	0.03832053257	-0.2532347714	0.04575097489
	-0.2612633066	0.03464228765	-0.2616206547	0.03037558898	-0.2552718331
	0.02868116382	-0.267655958	0.02479553136	-0.2631600929	0.5869880992
	-1.55489726	0.3703020836	-1.131757997	0.1437065291	-0.534591074
	0.1910488899	-0.6272597663	0.2512322282	-0.8906429403	0.08944590863
	-0.464641249	0.1273669662	-0.5747075447	0.02662969262	-0.2672823437
	0.02518792166	-0.2633208086	0.06185319923	-0.3647551463	0.05423155802
	-0.3149633219	0.07049379322	-0.422173797	0.08497013413	-0.5146344312
	0.03883649578	-0.2974522104	0.04455556005	-0.299832124	0.03416131963
	-0.294581811	0.844930357	-2.711666162	0.03128370917	-0.2979063114
	0.02894018456	-0.2988149632	0.02701769983	-0.2987169326	0.4999315634
	-1.770568104	0.3132639327	-1.200052641	0.2147109339	-0.9249357861
	0.1794787481	-0.7399337859	0.1100832112	-0.5836930709	0.1395188736
	-0.6859147318	0.1008296143	-0.6025974082	0.02765565173	-0.3013994702
	0.07647600772	-0.5230546851	0.05203654122	-0.3558345058	0.06531369276
	-0.4566068154	0.04346137313	-0.3375573165	0.04002167296	-0.3543162268
	0.03510322306	-0.3241744078	1.197537592	-4.527982746	0.662803883
	-2.667897472	0.02954362898	-0.3206232822	0.03178746535	-0.3224540272
	0.02924699778	-0.3363466315	0.3958259367	-1.697397057	0.2748089536
	-1.247777907	0.1739209146	-0.8841871906	0.1246862338	-0.7187975629
	0.08978902	-0.6019702424	0.03013895448	-0.3418390585	0.06198447108
	-0.5050753634	0.05242375973	-0.4164238556	0.04504644635	-0.4058789409
	0.03537819637	-0.3489664344	1.477734839	-6.196137817	0.7601913306
	-3.412561717	0.4695982091	-2.155906188	0.03236913594	-0.3492232827
	0.03136420902	-0.3749281801	0.2917831066	-1.452151948	0.215992392
	-1.129872755	0.3122231357	-1.631686755	0.1049812431	-0.7122280849
	0.146539369	-0.8847710711	0.06246415908	-0.5439782003	0.07910126123
	-0.6248518872	0.03224737331	-0.3782501463	0.03483221497	-0.3851702816
	0.05018547405	-0.46116947	0.03982695172	-0.4046711203	0.05216414157
	-0.5130278609	1.416596257	-6.187688962	0.7828481964	-3.698678398
	0.4280404209	-2.207094196	0.03314224188	-0.4124670828	0.2045293035
	-1.169808107	0.2706074286	-1.534572694	0.1174562073	-0.8127803791
	0.1445202116	-0.9561052403	0.08486899773	-0.684948367	0.06023510614
	-0.5661447956	0.03419661545	-0.4164190658	0.03756478039	-0.4313721204
	0.04552250768	-0.4665146366	0.04792048331	-0.5137431549	0.8668809015
	-3.806994665	0.6499246862	-3.122932248	0.3754856563	-2.012144073
	0.2076964132	-1.065495216	0.03434135444	-0.4461157468	0.1821527535
	-1.145279651	0.1610640054	-1.046947754	0.08585848052	-0.7117500035
	0.107053495	-0.8118237581	0.06221767136	-0.6070801006	0.04816650576
	-0.5437290735	0.03580650928	-0.4536567793	0.04003129396	-0.4790182078
	0.04064215212	-0.5014927027	-0.115291418	0.5132003142	0.1192684145
	-0.8040823762	0.03907642365	-0.3722554878	-0.3284483255	1.404179003
	0.0347118698	-0.4725454492	0.09354032372	-0.7455648222	0.0553424585
	-0.5313226599	0.06650867315	-0.6302703712	0.04877340726	-0.5540517082
	0.04039721269	-0.5181720798	0.03788912328	-0.5009851834	0.03605854986
	-0.4842127978	-1.189235282	5.101684506	-0.2502083801	1.038954487
	-0.007576656261	-0.1739730296	-0.7889297297	3.472876281	0.03432932862
	-0.4889997794	0.04525460569	-0.5050203751	-0.009653131593	-0.1791233201
	0.0377086581	-0.4870644172	0.0382792293	-0.5065819315	0.03655055639
	-0.5057604521	0.03488018212	-0.497332773	-1.760977656	7.372105039
	-0.2694975492	1.160006524	-0.6984189121	3.064116998	0.03369716714
	-0.4963763547	-0.08113196425	0.2163668876	0.01820740334	-0.3522963882
	0.03240035578	-0.4599332623	0.03483223342	-0.4898934777	0.03411330539
	-0.4980840192	-1.354112263	5.515788205	-0.1645162545	0.6802188413
	-0.244973654	1.052795013	0.03375559482	-0.4970289353	-0.005483007334
	-0.1794529249	0.03876868846	-0.4365923872	0.04052752931	-0.4949232648
	0.03513107601	-0.4963724233	-0.07749651541	0.28304278	0.4632423749
	-1.942276351	0.09683937558	-0.5164624577	0.03591182044	-0.4964352337
	0.1010099083	-0.6690890369	0.06909125699	-0.5926756897	0.04248940733
	-0.509607697	1.335243075	-5.202520615	0.6374598387	-2.751519528
	0.03401729307	-0.4643703362	0.1817341403	-1.025497067	0.05921002735
	-0.5417312167	0.5313874488	-2.311829217	1.781348321	-6.741870514
	-0.0310515714	-0.1405752764	0.1327282461	-0.7930551376	0.01479625435
	-0.2120946533	0.8539846087	-3.132089908	-0.3349790048	1.17489092
	-0.8495978366	3.085114046	-1.767386389	6.228620276	

(0,1.28106)
