-0.000000e+00  2.904868e+00 0.000000e+00  0.000000e+00 0.000000e+00  1.000000e+00   3
-0.000000e+00  3.445706e+00 0.000000e+00  0.000000e+00 0.000000e+00  1.000000e+00   3
-0.000000e+00  2.255425e+00 0.000000e+00  0.000000e+00 0.000000e+00  1.000000e+00   3
-0.000000e+00  4.186278e+00 0.000000e+00  0.000000e+00 0.000000e+00  1.000000e+00   3
-0.000000e+00  1.281057e+00 0.000000e+00  0.000000e+00 0.000000e+00  1.000000e+00   3
-0.000000e+00  4.800396e+00 0.000000e+00  0.000000e+00 0.000000e+00  1.000000e+00   3
-0.000000e+00  4.995716e+00 0.000000e+00  0.000000e+00 0.000000e+00  1.000000e+00   3
-0.000000e+00  5.341425e+00 0.000000e+00  0.000000e+00 0.000000e+00  1.000000e+00   3
-0.000000e+00  -4.098063e-02 0.000000e+00  0.000000e+00 0.000000e+00  1.000000e+00   3
-0.000000e+00  5.843480e+00 0.000000e+00  0.000000e+00 0.000000e+00  1.000000e+00   3
-0.000000e+00  6.315051e+00 0.000000e+00  0.000000e+00 0.000000e+00  1.000000e+00   3
-0.000000e+00  6.777835e+00 0.000000e+00  0.000000e+00 0.000000e+00  1.000000e+00   3
-0.000000e+00  -1.060042e+00 0.000000e+00  0.000000e+00 0.000000e+00  1.000000e+00   3
-0.000000e+00  7.224143e+00 0.000000e+00  0.000000e+00 0.000000e+00  1.000000e+00   3
-0.000000e+00  -1.835140e+00 0.000000e+00  0.000000e+00 0.000000e+00  1.000000e+00   3
