-0.427754 2.05977 120 1 -0.43 2.06
-0.340994 2.02391 130 1 -0.42775 2.0598
-0.265025 1.98772 140 1 -0.25423 1.988
-0.198367 1.95167 150 1 -0.18906 1.9515
-0.139753 1.91605 160 1 -0.13171 1.9156
-0.0881007 1.88106 170 1 -0.081139 1.8804
-0.0424906 1.84681 180 1 -0.036448 1.8461
-0.00213792 1.8134 190 1 0.0031195 1.8126
0.0336277 1.78086 200 1 0.038215 1.78
0.0653794 1.74923 210 1 0.069393 1.7483
0.0936085 1.71853 220 1 0.097131 1.7176
-0.117023 0 120 1 -0.123 0
-0.0266001 0 130 1 -0.11702 0
0.0499582 0 140 1 0.063823 0
0.115338 0 150 1 0.12652 0
0.171561 0 160 1 0.18072 0
0.220187 0 170 1 0.22778 0
0.262448 0 180 1 0.26881 0
0.299328 0 190 1 0.30471 0
0.331628 0 200 1 0.33621 0
0.360007 0 210 1 0.36393 0
0.385009 0 220 1 0.38839 0
