VARIABLES = "x", "y", "T" 
ZONE F=FEPOINT,ET=TRIANGLE,N=1426,E= 2690
  1.00000000   0.00000000   0.00000000 
  1.00000000   0.02500000   0.00000000 
  0.97500000   0.00000000   0.00000000 
  0.95000000   0.00000000   0.00000000 
  1.00000000   0.05000000   0.00000000 
  0.98125000   0.03750000   0.00123130 
  0.96250000   0.02500000   0.00155321 
  0.94375000   0.01875000   0.00165368 
  0.92500000   0.00000000   0.00000000 
  1.00000000   0.07500000   0.00000000 
  0.97000000   0.06000000   0.00266376 
  0.95000000   0.05000000   0.00354042 
  0.93333333   0.03333333   0.00314448 
  0.91666667   0.01666667   0.00194664 
  0.90000000   0.00000000   0.00000000 
  1.00000000   0.10000000   0.00000000 
  0.97916667   0.08333333   0.00237676 
  0.94642857   0.07142857   0.00492985 
  0.92187500   0.05625000   0.00544272 
  0.91071428   0.03571428   0.00408300 
  0.89285714   0.01785714   0.00243734 
  0.87500000   0.00000000   0.00000000 
  0.96875000   0.11250000   0.00414072 
  1.00000000   0.12500000   0.00000000 
  1.00000000   0.15000000   0.00000000 
  0.94375000   0.09375000   0.00614433 
  0.91666667   0.07777778   0.00730875 
  0.90285714   0.05285714   0.00600122 
  0.88333333   0.03888889   0.00519485 
  0.86666667   0.01944444   0.00299116 
  0.85000000   0.00000000   0.00000000 
  0.94750000   0.12250000   0.00677350 
  0.96666667   0.13611111   0.00481856 
  0.98181818   0.15909091   0.00290539 
  1.00000000   0.17500000   0.00000000 
  1.00000000   0.20000000   0.00000000 
  0.93000000   0.10500000   0.00782471 
  0.90909091   0.09545454   0.00894467 
  0.89500000   0.07000000   0.00793049 
  0.86666667   0.04756944   0.00668549 
  0.84250000   0.01750000   0.00291980 
  0.85458333   0.03253472   0.00498937 
  0.82500000   0.00000000   0.00000000 
  0.94545455   0.14545455   0.00764159 
  0.92727273   0.12727273   0.00903042 
  0.95000000   0.16875000   0.00756611 
  0.98181818   0.18181818   0.00309509 
  1.00000000   0.22500000   0.00000000 
  0.98269231   0.20769231   0.00303283 
  1.00000000   0.25000000   0.00000000 
  0.89090909   0.09090909   0.00980144 
  0.90000000   0.11250000   0.01065800 
  0.87272727   0.07272727   0.00915175 
  0.85000000   0.05625000   0.00821310 
  0.81818182   0.01818182   0.00325184 
  0.83333333   0.03750000   0.00609091 
  0.80000000   0.00000000   0.00000000 
  0.93076923   0.15576923   0.00959484 
  0.91346154   0.13846154   0.01078080 
  0.92857143   0.17857143   0.01040120 
  0.94807692   0.19230769   0.00816729 
  0.96428571   0.21428571   0.00600782 
  0.98269231   0.23076923   0.00308826 
  0.98214286   0.26785714   0.00319653 
  1.00000000   0.27500000   0.00000000 
  0.86153846   0.08653846   0.01096980 
  0.87884615   0.10384615   0.01149890 
  0.89615385   0.13461538   0.01209970 
  1.00000000   0.42500000   0.00000000 
  1.00000000   0.40000000   0.00000000 
  1.00000000   0.32500000   0.00000000 
  1.00000000   0.37500000   0.00000000 
  1.00000000   0.45000000   0.00000000 
  1.00000000   0.35000000   0.00000000 
  1.00000000   0.30000000   0.00000000 
  0.87500000   0.12500000   0.01321470 
  0.84423077   0.07692308   0.01078280 
  0.82692308   0.05769231   0.00901990 
  0.79230769   0.01923077   0.00363055 
  0.80961538   0.03461538   0.00604947 
  0.77500000   0.00000000   0.00000000 
  0.91071428   0.16071429   0.01187000 
  0.89195451   0.15404238   0.01339040 
  0.90625006   0.18749999   0.01308190 
  0.92857143   0.20238095   0.01081560 
  0.94642857   0.22023809   0.00865016 
  0.96428573   0.23809522   0.00610290 
  0.96428571   0.28571429   0.00602204 
  0.96428572   0.26190475   0.00608527 
  0.98076923   0.29230769   0.00336848 
  0.85714286   0.10714286   0.01304800 
  0.98125000   0.44375000   0.00170197 
  0.98333333   0.41666667   0.00194131 
  0.98214286   0.39285714   0.00240872 
  0.96818182   0.33636364   0.00503682 
  0.98181818   0.31818182   0.00305656 
  0.98125000   0.36875000   0.00278540 
  0.98333333   0.46666667   0.00098619 
  1.00000000   0.47500000   0.00000000 
  1.00000000   0.50000000   0.00000000 
  0.96500000   0.36000000   0.00510726 
  0.86887752   0.15423462   0.01528910 
  0.84999998   0.13500000   0.01548040 
  0.82067308   0.08269231   0.01226280 
  0.82819368   0.10170330   0.01396340 
  0.80357143   0.05357143   0.00901509 
  0.78571429   0.03571428   0.00654419 
  0.76785714   0.01785714   0.00355593 
  0.75000000   0.00000000   0.00000000 
  0.88775517   0.17346937   0.01449830 
  0.90625001   0.21130950   0.01353140 
  0.88392862   0.19642856   0.01551420 
  0.92857143   0.22619047   0.01105820 
  0.94642858   0.24404761   0.00874514 
  0.94642857   0.26785714   0.00871293 
  0.94642857   0.29166666   0.00856492 
  0.96153846   0.30961538   0.00627842 
  0.83571428   0.12071428   0.01527580 
  0.95500000   0.46000000   0.00275109 
  0.96666667   0.43333333   0.00315163 
  0.96428571   0.41071428   0.00405770 
  0.96250000   0.38750000   0.00487822 
  0.94545455   0.35454545   0.00766657 
  0.95000000   0.33125000   0.00755183 
  0.96666667   0.48333333   0.00097555 
  0.97500000   0.50000000   0.00000000 
  0.94750000   0.37750000   0.00679169 
  0.72500000   0.00000000   0.00000000 
  0.83333333   0.15000000   0.01749360 
  0.86479597   0.18622448   0.01691080 
  0.84183677   0.17755102   0.01832820 
  0.79711538   0.08846154   0.01375590 
  0.80357143   0.11607143   0.01640600 
  0.78571429   0.06904762   0.01158920 
  0.76785714   0.05535714   0.00999726 
  0.75000000   0.02500000   0.00500639 
  0.72625000   0.02500000   0.00516615 
  0.90625001   0.23511904   0.01376730 
  0.88392860   0.22023809   0.01596470 
  0.86160719   0.20535714   0.01769760 
  0.92857143   0.25000000   0.01114140 
  0.92857143   0.27380952   0.01106080 
  0.92857143   0.32142857   0.01043830 
  0.92857143   0.29761905   0.01079870 
  0.81428571   0.13428571   0.01743810 
  0.92857143   0.44642857   0.00493372 
  0.94642857   0.42857143   0.00490825 
  0.93333333   0.46666667   0.00316125 
  0.94375000   0.48125000   0.00169328 
  0.93333333   0.40277778   0.00721164 
  0.92727273   0.37272727   0.00905003 
  0.93076923   0.34423077   0.00962863 
  0.95000000   0.50000000   0.00000000 
  0.70000000   0.00000000   0.00000000 
  0.70125000   0.02500000   0.00530849 
  0.67500000   0.00000000   0.00000000 
  0.65000000   0.00000000   0.00000000 
  0.62500000   0.00000000   0.00000000 
  0.81887758   0.18316327   0.02011960 
  0.79999993   0.15500000   0.01967690 
  0.84183678   0.19897958   0.01913150 
  0.76785714   0.08452381   0.01411390 
  0.77678571   0.10178571   0.01591250 
  0.77678571   0.12053571   0.01788830 
  0.79285714   0.13285714   0.01833880 
  0.75000000   0.07500000   0.01323600 
  0.75000000   0.05000000   0.00937847 
  0.72750000   0.05000000   0.00971352 
  0.70000000   0.05000000   0.01007390 
  0.90625000   0.26488095   0.01377030 
  0.88392859   0.24255952   0.01615690 
  0.86160718   0.22767857   0.01812160 
  0.89880952   0.28571428   0.01438600 
  0.90625000   0.31250000   0.01309900 
  0.91071428   0.33928571   0.01187800 
  0.90625000   0.44375000   0.00618496 
  0.91666667   0.42222222   0.00731126 
  0.90625000   0.46250000   0.00441204 
  0.91666667   0.47916667   0.00241227 
  0.92500000   0.50000000   0.00000000 
  0.90000000   0.38750000   0.01068790 
  0.90454545   0.40909091   0.00898811 
  0.90384615   0.36153846   0.01171780 
  0.67500000   0.02500000   0.00549427 
  0.64875000   0.02500000   0.00560325 
  0.62500000   0.02500000   0.00567496 
  0.60000000   0.00000000   0.00000000 
  0.82955997   0.23246173   0.02068900 
  0.81887758   0.21173468   0.02108320 
  0.79591838   0.18877551   0.02172150 
  0.77142857   0.14142857   0.01998160 
  0.77499991   0.16500000   0.02152760 
  0.75000000   0.10000000   0.01654310 
  0.75000000   0.12500000   0.01927210 
  0.73000000   0.10000000   0.01704780 
  0.72875000   0.07500000   0.01366900 
  0.70375000   0.07500000   0.01411670 
  0.67250000   0.05000000   0.01035270 
  0.67875000   0.07500000   0.01455100 
  0.88020834   0.26785714   0.01648150 
  0.86160716   0.25000000   0.01822990 
  0.84024236   0.25318877   0.01999620 
  0.88392857   0.30357143   0.01554610 
  0.88775510   0.33367347   0.01426700 
  0.88333333   0.46111111   0.00523914 
  0.89500000   0.43000000   0.00795195 
  0.89062500   0.48125000   0.00258612 
  0.90000000   0.50000000   0.00000000 
  0.87884615   0.39615385   0.01153990 
  0.88692308   0.41307692   0.00978106 
  0.87500000   0.37500000   0.01325660 
  0.88137755   0.35433673   0.01392430 
  0.62500000   0.05000000   0.01073580 
  0.65000000   0.05000000   0.01050660 
  0.60000000   0.02500000   0.00573905 
  0.60250000   0.05000000   0.01091350 
  0.57625000   0.02500000   0.00582368 
  0.57500000   0.00000000   0.00000000 
  0.81273918   0.24123086   0.02194870 
  0.55000000   0.00000000   0.00000000 
  0.52500000   0.00000000   0.00000000 
  0.79591839   0.20663265   0.02234610 
  0.79591839   0.22448979   0.02279360 
  0.77295919   0.19438776   0.02317110 
  0.75000000   0.15000000   0.02153500 
  0.75000000   0.17500000   0.02323890 
  0.73125000   0.12500000   0.01991550 
  0.70500000   0.10000000   0.01767270 
  0.64625000   0.07500000   0.01497190 
  0.67500000   0.10000000   0.01826040 
  0.66062500   0.08750000   0.01672050 
  0.85092475   0.27391581   0.01901860 
  0.86160714   0.29464286   0.01775420 
  0.81887756   0.26275510   0.02151690 
  0.86479592   0.32806122   0.01643260 
  0.87272727   0.44545455   0.00730764 
  0.85681818   0.46363636   0.00551746 
  0.86666667   0.48055555   0.00299772 
  0.87272727   0.42727273   0.00920687 
  0.87500000   0.50000000   0.00000000 
  0.85714286   0.39285714   0.01310130 
  0.86493506   0.41006493   0.01119870 
  0.85416667   0.36250000   0.01545840 
  0.84906462   0.33903061   0.01711140 
  0.62500000   0.07500000   0.01521590 
  0.57750000   0.05000000   0.01110290 
  0.60000000   0.07500000   0.01549660 
  0.55125000   0.02500000   0.00593095 
  0.79591838   0.24999999   0.02304840 
  0.52500000   0.02500000   0.00597702 
  0.50125000   0.02500000   0.00600100 
  0.50000000   0.00000000   0.00000000 
  0.77295919   0.21581632   0.02389270 
  0.47500000   0.00000000   0.00000000 
  0.45000000   0.00000000   0.00000000 
  0.84183673   0.30102041   0.01913330 
  0.77232144   0.24107143   0.02435810 
  0.75000000   0.20000000   0.02451270 
  0.72937499   0.17499999   0.02409220 
  0.72875000   0.15000000   0.02228110 
  0.70750000   0.15000000   0.02297450 
  0.70000000   0.12500000   0.02076660 
  0.64500000   0.10000000   0.01882430 
  0.66875000   0.12500000   0.02152440 
  0.81887755   0.28826530   0.02113490 
  0.84183673   0.32244898   0.01841870 
  0.79591837   0.27551020   0.02284350 
  0.85454545   0.44545455   0.00791249 
  0.84250000   0.48250000   0.00294620 
  0.83636364   0.46363636   0.00592523 
  0.85000000   0.50000000   0.00000000 
  0.84615385   0.41346154   0.01178140 
  0.83035714   0.38839286   0.01486250 
  0.83184524   0.36919643   0.01633780 
  0.83333333   0.35000000   0.01755540 
  0.62500000   0.10000000   0.01910030 
  0.55375000   0.07500000   0.01587060 
  0.57500000   0.07500000   0.01569560 
  0.55000000   0.05000000   0.01120240 
  0.60000000   0.10000000   0.01942110 
  0.58000000   0.10000000   0.01967330 
  0.52750000   0.05000000   0.01133070 
  0.77295918   0.26275510   0.02431700 
  0.50000000   0.05000000   0.01144120 
  0.47625000   0.02500000   0.00606638 
  0.75000000   0.22500000   0.02524930 
  0.45250000   0.02500000   0.00607401 
  0.42875000   0.02500000   0.00607809 
  0.42500000   0.00000000   0.00000000 
  0.81887755   0.31683673   0.02016910 
  0.40000000   0.00000000   0.00000000 
  0.47750000   0.05000000   0.01146890 
  0.72500000   0.20000000   0.02557270 
  0.75000000   0.25000000   0.02555430 
  0.73062500   0.22500000   0.02615550 
  0.70875000   0.17500000   0.02486380 
  0.68250000   0.15000000   0.02373700 
  0.62500000   0.12500000   0.02237750 
  0.65000000   0.12500000   0.02189920 
  0.65000000   0.15000000   0.02456110 
  0.79591837   0.31122449   0.02181690 
  0.79591837   0.29336735   0.02242510 
  0.81250000   0.33750000   0.01956480 
  0.77295918   0.28418367   0.02397100 
  0.82692308   0.44807692   0.00832013 
  0.82142857   0.42857143   0.01099420 
  0.82500000   0.50000000   0.00000000 
  0.81818182   0.48181818   0.00328090 
  0.80961538   0.46538462   0.00610089 
  0.82589286   0.40848214   0.01310880 
  0.81428571   0.36571428   0.01757790 
  0.80357143   0.38392857   0.01653590 
  0.60625000   0.12500000   0.02272480 
  0.52875000   0.07500000   0.01608330 
  0.55500000   0.10000000   0.02000830 
  0.58125000   0.12500000   0.02313200 
  0.50000000   0.07500000   0.01623600 
  0.75000000   0.27500000   0.02532170 
  0.47875000   0.07500000   0.01632120 
  0.45500000   0.05000000   0.01152410 
  0.43250000   0.05000000   0.01154520 
  0.40500000   0.02500000   0.00606920 
  0.41000000   0.05000000   0.01153750 
  0.37500000   0.00000000   0.00000000 
  0.38095238   0.02380952   0.00576949 
  0.45750000   0.07500000   0.01638550 
  0.71125000   0.22500000   0.02693880 
  0.70000000   0.20000000   0.02654130 
  0.22500000   0.00000000   0.00000000 
  0.35000000   0.00000000   0.00000000 
  0.20000000   0.00000000   0.00000000 
  0.12500000   0.00000000   0.00000000 
  0.32500000   0.00000000   0.00000000 
  0.30000000   0.00000000   0.00000000 
  0.17500000   0.00000000   0.00000000 
  0.27500000   0.00000000   0.00000000 
  0.25000000   0.00000000   0.00000000 
  0.15000000   0.00000000   0.00000000 
  0.10000000   0.00000000   0.00000000 
  0.55000000   0.12500000   0.02354570 
  0.72500000   0.27500000   0.02650870 
  0.71250000   0.25000000   0.02723400 
  0.67500000   0.17500000   0.02595150 
  0.62500000   0.15000000   0.02514820 
  0.64125000   0.17500000   0.02686670 
  0.77083333   0.31250000   0.02311400 
  0.77500000   0.33500000   0.02170970 
  0.79285714   0.35214286   0.01965360 
  0.75000000   0.30000000   0.02465550 
  0.80357143   0.44642857   0.00910114 
  0.79761905   0.41904762   0.01297470 
  0.80000000   0.50000000   0.00000000 
  0.79230769   0.48269231   0.00331892 
  0.78846154   0.46538462   0.00641129 
  0.78750000   0.37125000   0.01838430 
  0.78869048   0.39672619   0.01581010 
  0.60000000   0.15000000   0.02564100 
  0.52500000   0.10000000   0.02023940 
  0.50500000   0.10000000   0.02039410 
  0.53125000   0.12500000   0.02376870 
  0.57500000   0.15000000   0.02609450 
  0.48000000   0.10000000   0.02057350 
  0.46000000   0.10000000   0.02065970 
  0.43625000   0.07500000   0.01641980 
  0.41500000   0.07500000   0.01641950 
  0.38690476   0.04761905   0.01100390 
  0.39285714   0.07142857   0.01571590 
  0.35714286   0.02380952   0.00572710 
  0.36428571   0.04761905   0.01093550 
  0.44000000   0.10000000   0.02071320 
  0.68625000   0.22500000   0.02790680 
  0.67500000   0.20000000   0.02737570 
  0.20769231   0.01730769   0.00361085 
  0.23333333   0.01833333   0.00400937 
  0.33333333   0.02380952   0.00566462 
  0.18181818   0.01818182   0.00357477 
  0.13333333   0.01944444   0.00326095 
  0.10714286   0.01785714   0.00264485 
  0.30909091   0.02272727   0.00533475 
  0.28235294   0.01764706   0.00408587 
  0.15909091   0.01818182   0.00334490 
  0.25781250   0.01875000   0.00423766 
  0.08333333   0.01666667   0.00208436 
  0.07500000   0.00000000   0.00000000 
  0.55375000   0.15000000   0.02640720 
  0.53250000   0.15000000   0.02673030 
  0.05000000   0.00000000   0.00000000 
  0.71500000   0.30000000   0.02620020 
  0.70000000   0.27500000   0.02754230 
  0.67500000   0.25000000   0.02868320 
  0.65000000   0.20000000   0.02815460 
  0.60875000   0.17500000   0.02767480 
  0.62562502   0.18749999   0.02813600 
  0.75000000   0.32500000   0.02347290 
  0.77142857   0.35857143   0.02017100 
  0.75000000   0.35000000   0.02174460 
  0.73312500   0.31250000   0.02485360 
  0.77678571   0.43571428   0.01128330 
  0.77380952   0.40952381   0.01487240 
  0.77500000   0.50000000   0.00000000 
  0.76923077   0.48269231   0.00347888 
  0.76923077   0.45769231   0.00795914 
  0.76785714   0.38839286   0.01750760 
  0.58375000   0.17500000   0.02820850 
  0.50000000   0.12500000   0.02409100 
  0.50750000   0.15000000   0.02706850 
  0.55875000   0.17500000   0.02868970 
  0.46250000   0.12500000   0.02435250 
  0.48125000   0.12500000   0.02419930 
  0.44375000   0.12500000   0.02443670 
  0.42000000   0.10000000   0.02072730 
  0.39880952   0.09523809   0.01991610 
  0.37142857   0.07142857   0.01563620 
  0.37857143   0.09523809   0.01983910 
  0.34166667   0.04761905   0.01083290 
  0.35000000   0.07142857   0.01551190 
  0.42500000   0.12500000   0.02446940 
  0.65000000   0.22500000   0.02914000 
  0.21428571   0.03571428   0.00721963 
  0.19038461   0.03846154   0.00736016 
  0.24705882   0.05294118   0.01091200 
  0.22343750   0.05156250   0.01023080 
  0.31818182   0.04545455   0.01024410 
  0.16363636   0.03636364   0.00648603 
  0.14318182   0.03636364   0.00603888 
  0.11250000   0.03750000   0.00541029 
  0.08928571   0.03571428   0.00443704 
  0.29144385   0.04037433   0.00899418 
  0.26470588   0.03529412   0.00768993 
  0.06000000   0.03000000   0.00290025 
  0.53375000   0.17500000   0.02911180 
  0.50875000   0.17500000   0.02954360 
  0.03750000   0.01875000   0.00129730 
  0.02500000   0.00000000   0.00000000 
  0.00000000   0.00000000   0.00000000 
  0.17307692   0.05192308   0.00913995 
  0.69000000   0.30000000   0.02716720 
  0.71625000   0.32500000   0.02486920 
  0.69562500   0.32500000   0.02567200 
  0.67500000   0.27500000   0.02846390 
  0.65000000   0.27500000   0.02937070 
  0.63750000   0.25000000   0.02995390 
  0.62500000   0.22500000   0.02992360 
  0.61000000   0.20000000   0.02923220 
  0.58500000   0.20000000   0.02987190 
  0.72500000   0.35000000   0.02275600 
  0.75000000   0.37500000   0.01953840 
  0.75000000   0.42500000   0.01345590 
  0.75000000   0.45000000   0.00956219 
  0.75000000   0.40000000   0.01679200 
  0.75000000   0.50000000   0.00000000 
  0.75000000   0.47500000   0.00511143 
  0.56000000   0.20000000   0.03045990 
  0.48250000   0.15000000   0.02732820 
  0.48812501   0.17499999   0.02982190 
  0.53500000   0.20000000   0.03097370 
  0.45562500   0.14375000   0.02679150 
  0.43000000   0.15000000   0.02765560 
  0.40476190   0.11904762   0.02361170 
  0.38571429   0.11904762   0.02355230 
  0.35833333   0.09523809   0.01971000 
  0.36666667   0.11904762   0.02343600 
  0.32727273   0.06818182   0.01473370 
  0.33636364   0.09090909   0.01879230 
  0.41071428   0.14285714   0.02679690 
  0.20625000   0.06875000   0.01269780 
  0.18333333   0.07333333   0.01269820 
  0.22941176   0.07058824   0.01357680 
  0.27379679   0.05802139   0.01222380 
  0.25614973   0.07566845   0.01500750 
  0.30053476   0.06310160   0.01351500 
  0.14545455   0.05454545   0.00872265 
  0.12727273   0.05454545   0.00804031 
  0.10500000   0.07000000   0.00874791 
  0.09375000   0.05625000   0.00676846 
  0.07142857   0.05357143   0.00537451 
  0.03750000   0.03750000   0.00241804 
  0.05000000   0.05000000   0.00385011 
  0.50000000   0.20000000   0.03159090 
  0.01666667   0.03333333   0.00106524 
  0.00000000   0.02500000   0.00000000 
  0.15576923   0.06923077   0.01105230 
  0.73500000   0.38750000   0.01870080 
  0.44875000   0.16250000   0.02891610 
  0.66000000   0.30000000   0.02826480 
  0.67500000   0.32500000   0.02640910 
  0.70000000   0.35000000   0.02365490 
  0.67500000   0.35000000   0.02453590 
  0.63500000   0.30000000   0.02915950 
  0.61375000   0.27500000   0.03058730 
  0.61250000   0.25000000   0.03073830 
  0.60000000   0.22500000   0.03061070 
  0.58062500   0.22500000   0.03112440 
  0.71875000   0.37500000   0.02063600 
  0.72500000   0.45000000   0.01001060 
  0.72500000   0.42500000   0.01402250 
  0.72000000   0.40000000   0.01763180 
  0.72500000   0.50000000   0.00000000 
  0.72375000   0.47500000   0.00528938 
  0.53625000   0.22500000   0.03219650 
  0.56125000   0.22500000   0.03158940 
  0.46750000   0.17500000   0.03005480 
  0.47749999   0.19999999   0.03194650 
  0.51125000   0.22500000   0.03273480 
  0.43500000   0.17500000   0.03027870 
  0.41666667   0.16666667   0.02952710 
  0.39285714   0.14285714   0.02678540 
  0.37500000   0.14285714   0.02669000 
  0.34545455   0.11363636   0.02244580 
  0.35454545   0.13636364   0.02568780 
  0.30962567   0.08582888   0.01765230 
  0.32224599   0.10502674   0.02084310 
  0.21176471   0.08823529   0.01574950 
  0.16071429   0.08928571   0.01379840 
  0.17187500   0.10312500   0.01601170 
  0.19411765   0.10588235   0.01740310 
  0.23556150   0.09625668   0.01766050 
  0.28288770   0.08074866   0.01636390 
  0.25935829   0.10427807   0.01949270 
  0.13125000   0.08333333   0.01163450 
  0.08333333   0.07777778   0.00808811 
  0.09545454   0.09090909   0.01002850 
  0.05357143   0.07142857   0.00537045 
  0.03333333   0.06666667   0.00341764 
  0.01875000   0.05625000   0.00181523 
  0.48625000   0.22500000   0.03325980 
  0.00000000   0.05000000   0.00000000 
  0.42261905   0.19047619   0.03170800 
  0.65437500   0.32500000   0.02714490 
  0.69375000   0.37500000   0.02141360 
  0.67500000   0.37500000   0.02196640 
  0.65000000   0.35000000   0.02535080 
  0.65625000   0.37500000   0.02257430 
  0.63375000   0.32500000   0.02784520 
  0.60000000   0.30000000   0.03032960 
  0.61687500   0.31250000   0.02916740 
  0.58875000   0.27500000   0.03139020 
  0.58750000   0.25000000   0.03147240 
  0.56250000   0.25000000   0.03217290 
  0.69500000   0.40000000   0.01834230 
  0.69750000   0.45000000   0.01038050 
  0.70000000   0.42500000   0.01457830 
  0.69875000   0.47500000   0.00550094 
  0.70000000   0.50000000   0.00000000 
  0.53750000   0.25000000   0.03285260 
  0.51250000   0.25000000   0.03350960 
  0.45500000   0.20000000   0.03223700 
  0.46562500   0.22500000   0.03360760 
  0.38333333   0.16666667   0.02945920 
  0.40297619   0.17857143   0.03071080 
  0.36363636   0.15909091   0.02850630 
  0.33074866   0.12834224   0.02433170 
  0.33941940   0.15148969   0.02736270 
  0.30695187   0.12032085   0.02285040 
  0.28315508   0.11229946   0.02123300 
  0.21703590   0.11023682   0.01890800 
  0.14285714   0.10714286   0.01477540 
  0.15468750   0.12031250   0.01683710 
  0.17647059   0.12352941   0.01850270 
  0.20100267   0.13081551   0.02061220 
  0.23995416   0.11459129   0.02031180 
  0.26470588   0.12279412   0.02216560 
  0.12115385   0.10384615   0.01298620 
  0.07000000   0.10500000   0.00877426 
  0.05625000   0.09375000   0.00681490 
  0.09090909   0.10909091   0.01099770 
  0.03571428   0.08928571   0.00445505 
  0.01666667   0.08333333   0.00211033 
  0.00000000   0.07500000   0.00000000 
  0.47500000   0.25000000   0.03435930 
  0.40000000   0.21428571   0.03357580 
  0.42857143   0.21428571   0.03342090 
  0.67500000   0.40000000   0.01888190 
  0.62500000   0.35000000   0.02619930 
  0.63125000   0.37500000   0.02336990 
  0.65000000   0.40000000   0.01954150 
  0.60000000   0.32500000   0.02902130 
  0.56500000   0.30000000   0.03153050 
  0.58312500   0.31250000   0.03033740 
  0.56375000   0.27500000   0.03215950 
  0.53875000   0.27500000   0.03291040 
  0.67500000   0.42500000   0.01511600 
  0.67500000   0.47500000   0.00568846 
  0.67500000   0.45000000   0.01068740 
  0.67500000   0.50000000   0.00000000 
  0.51937500   0.27500000   0.03351630 
  0.50000000   0.27500000   0.03407630 
  0.44500000   0.22500000   0.03389400 
  0.45000000   0.25000000   0.03483370 
  0.37272727   0.18181818   0.03090410 
  0.38181818   0.20454545   0.03286480 
  0.34896019   0.17730244   0.03025500 
  0.31520244   0.14388846   0.02606060 
  0.32519311   0.17278669   0.02944480 
  0.29098548   0.13628724   0.02461520 
  0.22326203   0.13241979   0.02184120 
  0.12500000   0.12500000   0.01510100 
  0.15882353   0.14117647   0.01904810 
  0.13750000   0.13750000   0.01709760 
  0.18259061   0.14569222   0.02106520 
  0.20635769   0.15020796   0.02289900 
  0.24665775   0.13686497   0.02329960 
  0.27005347   0.14131016   0.02460760 
  0.10384615   0.12115385   0.01298070 
  0.05000000   0.11666667   0.00711799 
  0.07272727   0.12727273   0.01024880 
  0.08653846   0.13846154   0.01235460 
  0.01785714   0.10714286   0.00264520 
  0.00000000   0.10000000   0.00000000 
  0.46625000   0.27500000   0.03494900 
  0.40833333   0.23809524   0.03489990 
  0.38734848   0.23063853   0.03456860 
  0.33226381   0.19046345   0.03121870 
  0.65375000   0.42500000   0.01561760 
  0.59250000   0.35000000   0.02733620 
  0.60000000   0.37500000   0.02442110 
  0.61500000   0.38750000   0.02232400 
  0.63000000   0.40000000   0.02011840 
  0.56625000   0.32500000   0.03023830 
  0.54000000   0.30000000   0.03239540 
  0.54125000   0.32500000   0.03119030 
  0.65000000   0.50000000   0.00000000 
  0.65000000   0.47500000   0.00585351 
  0.65250000   0.45000000   0.01103510 
  0.51500000   0.30000000   0.03323470 
  0.49000000   0.30000000   0.03408200 
  0.42857143   0.26190476   0.03553720 
  0.44642857   0.28571429   0.03548830 
  0.35704099   0.19750445   0.03217080 
  0.36636364   0.22318182   0.03408770 
  0.30142602   0.16827094   0.02847910 
  0.30962566   0.19082887   0.03080930 
  0.27765894   0.16375520   0.02733810 
  0.23012478   0.15472371   0.02455080 
  0.10714286   0.14285714   0.01476900 
  0.12031250   0.15468750   0.01683050 
  0.14117647   0.15882353   0.01904310 
  0.16524062   0.16339571   0.02137150 
  0.18930479   0.16796790   0.02347300 
  0.21336897   0.17254010   0.02535710 
  0.25389186   0.15923945   0.02602830 
  0.01875000   0.13125000   0.00313413 
  0.04772727   0.14545455   0.00777640 
  0.06923077   0.15576923   0.01106290 
  0.08928571   0.16071429   0.01380870 
  0.00000000   0.12500000   0.00000000 
  0.46000000   0.30000000   0.03500960 
  0.40909091   0.27272727   0.03603940 
  0.37870265   0.24793290   0.03543230 
  0.38969697   0.26242424   0.03593650 
  0.32338680   0.20782531   0.03249270 
  0.37005682   0.26522727   0.03611790 
  0.62750000   0.45000000   0.01149950 
  0.62500000   0.42500000   0.01626340 
  0.57125000   0.35000000   0.02809790 
  0.56875000   0.37500000   0.02564180 
  0.59500000   0.40000000   0.02125730 
  0.61000000   0.41250000   0.01878450 
  0.55000000   0.35000000   0.02899460 
  0.51625000   0.32500000   0.03217350 
  0.52500000   0.35000000   0.03008540 
  0.62625000   0.47500000   0.00611343 
  0.62500000   0.50000000   0.00000000 
  0.49125000   0.32500000   0.03317980 
  0.46500000   0.32500000   0.03420780 
  0.41818182   0.29545454   0.03616280 
  0.44285714   0.30952381   0.03541630 
  0.33714795   0.22482174   0.03392190 
  0.35090909   0.24181818   0.03504150 
  0.28556149   0.18625668   0.02975320 
  0.29991978   0.21008021   0.03211750 
  0.26149731   0.18168448   0.02849060 
  0.23743314   0.17711229   0.02702330 
  0.10312500   0.17187500   0.01599630 
  0.12352941   0.17647059   0.01849490 
  0.14569222   0.18259061   0.02106170 
  0.16975637   0.18716280   0.02347080 
  0.19634580   0.19274508   0.02587610 
  0.21864972   0.19112298   0.02718580 
  0.00000000   0.15000000   0.00000000 
  0.03181818   0.16363636   0.00575734 
  0.05192308   0.17307692   0.00917186 
  0.07142857   0.17857143   0.01221960 
  0.08593750   0.18906250   0.01461040 
  0.38920454   0.28863636   0.03657310 
  0.31427807   0.23390374   0.03405860 
  0.36318182   0.28363636   0.03662120 
  0.34934659   0.26147727   0.03590010 
  0.60000000   0.45000000   0.01208120 
  0.59625000   0.42500000   0.01705730 
  0.57000000   0.40000000   0.02217520 
  0.55000000   0.40000000   0.02309060 
  0.54375000   0.37500000   0.02673610 
  0.57500000   0.42500000   0.01776870 
  0.50000000   0.35000000   0.03129670 
  0.52500000   0.37500000   0.02764740 
  0.59875000   0.47500000   0.00638492 
  0.60000000   0.50000000   0.00000000 
  0.47750000   0.35000000   0.03240410 
  0.44166667   0.33333333   0.03482050 
  0.40064935   0.31298701   0.03647350 
  0.42727273   0.31818182   0.03573230 
  0.32863636   0.25772727   0.03557680 
  0.26783420   0.20398390   0.03060720 
  0.28620319   0.22856950   0.03296220 
  0.24306598   0.19693402   0.02894860 
  0.10588235   0.19411765   0.01739310 
  0.13081551   0.20100267   0.02060870 
  0.15020796   0.20635769   0.02289980 
  0.17130124   0.21142600   0.02513750 
  0.20338679   0.21752227   0.02802700 
  0.22463458   0.21218359   0.02904090 
  0.00000000   0.17500000   0.00000000 
  0.01818182   0.18181818   0.00352994 
  0.03461538   0.19038461   0.00666426 
  0.05357143   0.19642857   0.01001860 
  0.06875000   0.20625000   0.01268680 
  0.08823529   0.21176471   0.01575020 
  0.36931818   0.30454545   0.03694030 
  0.30457219   0.25315507   0.03485630 
  0.34320707   0.28752525   0.03670040 
  0.31090909   0.27545454   0.03590310 
  0.28050801   0.24858286   0.03388400 
  0.57250000   0.45000000   0.01282250 
  0.57500000   0.47500000   0.00676354 
  0.55000000   0.42500000   0.01889380 
  0.53562500   0.41250000   0.02187740 
  0.52000000   0.40000000   0.02477660 
  0.49375000   0.37500000   0.02941860 
  0.57500000   0.50000000   0.00000000 
  0.44545455   0.36363636   0.03310340 
  0.46428571   0.38095238   0.03069570 
  0.42694805   0.34805195   0.03481270 
  0.37662338   0.32792208   0.03682830 
  0.40844156   0.33246753   0.03598280 
  0.32323232   0.29141414   0.03660680 
  0.24325906   0.22431668   0.03089490 
  0.26188353   0.23644977   0.03251070 
  0.11348357   0.21833461   0.01936780 
  0.13810160   0.22553476   0.02258100 
  0.16229946   0.23315505   0.02544350 
  0.18777179   0.24268273   0.02819580 
  0.20937163   0.23858288   0.02966570 
  0.00000000   0.20000000   0.00000000 
  0.01730769   0.20769231   0.00360145 
  0.03571428   0.21428571   0.00723142 
  0.05156250   0.22343750   0.01024440 
  0.07058824   0.22941176   0.01357830 
  0.09625668   0.23556150   0.01766120 
  0.33633207   0.30593434   0.03700450 
  0.34943182   0.32045454   0.03712090 
  0.28684491   0.27088234   0.03511490 
  0.29318182   0.29318182   0.03604470 
  0.26207663   0.26383242   0.03388430 
  0.55000000   0.47500000   0.00738470 
  0.54750000   0.45000000   0.01377770 
  0.52500000   0.45000000   0.01507690 
  0.52125000   0.42500000   0.02057720 
  0.50000000   0.42500000   0.02226410 
  0.49000000   0.40000000   0.02680430 
  0.55000000   0.50000000   0.00000000 
  0.42909091   0.38000000   0.03296630 
  0.44787879   0.39238095   0.03078490 
  0.46666667   0.40476190   0.02803250 
  0.40935065   0.36337662   0.03488440 
  0.35584416   0.34415584   0.03697050 
  0.38961039   0.34675325   0.03616910 
  0.37077922   0.36103896   0.03634540 
  0.30858586   0.31313131   0.03681630 
  0.23730836   0.25678251   0.03234060 
  0.12108480   0.24255156   0.02123670 
  0.14538770   0.25006684   0.02440140 
  0.16934046   0.25793224   0.02719790 
  0.19410868   0.26498214   0.02969280 
  0.21570850   0.26088233   0.03114240 
  0.00000000   0.22500000   0.00000000 
  0.01785714   0.23214286   0.00388584 
  0.03437500   0.24062500   0.00730364 
  0.05294118   0.24705882   0.01090290 
  0.07566845   0.25614973   0.01501310 
  0.10427807   0.25935829   0.01949110 
  0.32954545   0.33636364   0.03720260 
  0.26841353   0.28613190   0.03500150 
  0.27545454   0.31090909   0.03594240 
  0.24364525   0.27908198   0.03357760 
  0.33506493   0.36038961   0.03700600 
  0.52500000   0.50000000   0.00000000 
  0.52375000   0.47500000   0.00847785 
  0.50535714   0.45119048   0.01651630 
  0.48571429   0.45238095   0.01860540 
  0.47272727   0.43181818   0.02383380 
  0.41272727   0.39636364   0.03290370 
  0.42898268   0.40725920   0.03089850 
  0.44523809   0.41815476   0.02845090 
  0.38571428   0.37110390   0.03556180 
  0.35194805   0.37532468   0.03649260 
  0.29393939   0.33484848   0.03678310 
  0.22310160   0.28689838   0.03265210 
  0.12868602   0.26676852   0.02298410 
  0.15267380   0.27459893   0.02606010 
  0.17638146   0.28270943   0.02875340 
  0.20114973   0.28975934   0.03114570 
  0.00000000   0.25000000   0.00000000 
  0.01718750   0.25781250   0.00388138 
  0.03529412   0.26470588   0.00773486 
  0.05802139   0.27379679   0.01223380 
  0.08780749   0.27582888   0.01738970 
  0.11229946   0.28315508   0.02122520 
  0.30965909   0.35227273   0.03704200 
  0.25068627   0.30385917   0.03472360 
  0.25772727   0.32863636   0.03554590 
  0.27606060   0.34424242   0.03637550 
  0.33051948   0.38311688   0.03665720 
  0.30681818   0.37500000   0.03688120 
  0.09641711   0.29903743   0.01917910 
  0.50000000   0.50000000   0.00000000 
  0.49750000   0.47500000   0.01091320 
  0.46785715   0.47244048   0.01765190 
  0.45227273   0.45227273   0.02341380 
  0.38181818   0.39545454   0.03468330 
  0.39636364   0.41272727   0.03290580 
  0.42380952   0.43154762   0.02920640 
  0.36060606   0.40606060   0.03515000 
  0.33636364   0.40909091   0.03584140 
  0.28977273   0.36818182   0.03675910 
  0.20643048   0.30834223   0.03206960 
  0.23295900   0.32158645   0.03415770 
  0.13628724   0.29098548   0.02459630 
  0.15995989   0.29913101   0.02754540 
  0.18342245   0.30748662   0.03010180 
  0.00000000   0.27500000   0.00000000 
  0.01764706   0.28235294   0.00409486 
  0.04037433   0.29144385   0.00900862 
  0.06310160   0.30053476   0.01353520 
  0.12032085   0.30695187   0.02284260 
  0.25818182   0.35363636   0.03582980 
  0.24000000   0.34636364   0.03492120 
  0.31298701   0.40064935   0.03645920 
  0.29350649   0.39285714   0.03656810 
  0.08141711   0.31403743   0.01691470 
  0.10502674   0.32224599   0.02087030 
  0.50000000   0.52500000   0.00000000 
  0.47500000   0.52500000   0.00840413 
  0.47500000   0.49875000   0.01072720 
  0.43181818   0.47272727   0.02385690 
  0.45000000   0.49250000   0.01813640 
  0.42023809   0.45476190   0.02729070 
  0.38000000   0.42909091   0.03299630 
  0.40238095   0.44494047   0.03008080 
  0.35000000   0.42727273   0.03470820 
  0.31818182   0.42727273   0.03572260 
  0.26988636   0.38409091   0.03621290 
  0.21288473   0.33105466   0.03301180 
  0.19046345   0.33226380   0.03124040 
  0.14388846   0.31520244   0.02606750 
  0.17278669   0.32519311   0.02945370 
  0.00000000   0.30000000   0.00000000 
  0.02272727   0.30909091   0.00533955 
  0.04545455   0.31818182   0.01024850 
  0.06818182   0.32727273   0.01472310 
  0.13200917   0.33162720   0.02484060 
  0.24272727   0.37227273   0.03520570 
  0.22227273   0.36409091   0.03402530 
  0.29545454   0.41818182   0.03615370 
  0.27272727   0.40909091   0.03602270 
  0.09090909   0.33636364   0.01879250 
  0.11363636   0.34545455   0.02244860 
  0.50000000   0.55000000   0.00000000 
  0.45000000   0.52500000   0.01508440 
  0.47500000   0.55125000   0.00733484 
  0.40476190   0.47142857   0.02773440 
  0.42500000   0.50000000   0.02231420 
  0.36363636   0.44545455   0.03311320 
  0.38095238   0.45833333   0.03107660 
  0.33333333   0.45000000   0.03446880 
  0.30952381   0.44285714   0.03541200 
  0.25000000   0.40000000   0.03544790 
  0.19750445   0.35704099   0.03216310 
  0.17730244   0.34896019   0.03026280 
  0.15148969   0.33941940   0.02736850 
  0.00000000   0.32500000   0.00000000 
  0.02380952   0.33333333   0.00566584 
  0.04761905   0.34166667   0.01083160 
  0.07142857   0.35000000   0.01550900 
  0.13636364   0.35454545   0.02569420 
  0.22727273   0.39090909   0.03437640 
  0.20454545   0.38181818   0.03287490 
  0.28571429   0.44642857   0.03549010 
  0.26190476   0.42857143   0.03552890 
  0.09523809   0.35833333   0.01970950 
  0.11904762   0.36666667   0.02343690 
  0.30000000   0.46000000   0.03502650 
  0.40000000   0.49500000   0.02645570 
  0.50000000   0.57500000   0.00000000 
  0.42500000   0.52875000   0.02006520 
  0.45000000   0.55250000   0.01355340 
  0.47500000   0.57500000   0.00679993 
  0.37500000   0.48750000   0.02982650 
  0.40000000   0.52500000   0.02446780 
  0.35714286   0.46428571   0.03255870 
  0.32916667   0.47062500   0.03385260 
  0.23809524   0.42142857   0.03479590 
  0.18181818   0.37272727   0.03091670 
  0.15909091   0.36363636   0.02851260 
  0.00000000   0.35000000   0.00000000 
  0.02380952   0.35714286   0.00572683 
  0.04761905   0.36428571   0.01093410 
  0.07142857   0.37142857   0.01563420 
  0.14285714   0.37500000   0.02669600 
  0.20887446   0.39902597   0.03320010 
  0.19047619   0.40714286   0.03178150 
  0.27500000   0.46625000   0.03495050 
  0.25000000   0.45000000   0.03487180 
  0.09523809   0.37857143   0.01983720 
  0.11904762   0.38571429   0.02354790 
  0.30000000   0.48000000   0.03440830 
  0.38750000   0.51000000   0.02704730 
  0.36875000   0.50500000   0.02939280 
  0.14285714   0.39285714   0.02675920 
  0.50000000   0.60000000   0.00000000 
  0.42500000   0.55000000   0.01887090 
  0.45000000   0.57500000   0.01271730 
  0.45000000   0.60000000   0.01210050 
  0.47500000   0.60125000   0.00636665 
  0.35000000   0.50000000   0.03127760 
  0.40000000   0.55500000   0.02284400 
  0.38750000   0.54000000   0.02536400 
  0.37500000   0.52500000   0.02768350 
  0.32500000   0.49125000   0.03314860 
  0.21428571   0.42857143   0.03340930 
  0.22500000   0.44500000   0.03386930 
  0.16666667   0.40000000   0.02953480 
  0.00000000   0.37500000   0.00000000 
  0.02380952   0.38095238   0.00576880 
  0.04761905   0.38690476   0.01100230 
  0.07142857   0.39285714   0.01571360 
  0.19464285   0.43178572   0.03196990 
  0.17500000   0.43500000   0.03028240 
  0.27500000   0.50000000   0.03408580 
  0.25000000   0.47500000   0.03437090 
  0.22500000   0.47250000   0.03348080 
  0.09523809   0.39880952   0.01991320 
  0.11904762   0.40476190   0.02360700 
  0.30000000   0.50000000   0.03373850 
  0.35000000   0.52500000   0.03009320 
  0.14285714   0.41071428   0.02679640 
  0.50000000   0.62500000   0.00000000 
  0.42500000   0.57875000   0.01764040 
  0.47500000   0.62625000   0.00609273 
  0.42500000   0.62500000   0.01625850 
  0.45000000   0.62750000   0.01149860 
  0.42500000   0.60000000   0.01693340 
  0.32500000   0.52500000   0.03185590 
  0.37500000   0.55625000   0.02615010 
  0.40000000   0.57500000   0.02199040 
  0.35000000   0.55000000   0.02903570 
  0.20000000   0.45500000   0.03223740 
  0.15000000   0.43000000   0.02764940 
  0.00000000   0.40000000   0.00000000 
  0.02500000   0.40500000   0.00606821 
  0.05000000   0.41000000   0.01153540 
  0.07500000   0.41500000   0.01641660 
  0.16249997   0.45000002   0.02892330 
  0.17500000   0.46750000   0.03002450 
  0.30000000   0.52500000   0.03289600 
  0.27500000   0.52500000   0.03331400 
  0.25000000   0.51250000   0.03349540 
  0.22500000   0.50000000   0.03298040 
  0.20624994   0.47812501   0.03233270 
  0.10000000   0.42000000   0.02072420 
  0.12500000   0.42500000   0.02446710 
  0.31250000   0.54187500   0.03182550 
  0.50000000   0.65000000   0.00000000 
  0.47500000   0.65125000   0.00585840 
  0.40000000   0.63000000   0.02010050 
  0.42500000   0.65375000   0.01559940 
  0.40000000   0.60500000   0.02088940 
  0.45000000   0.65250000   0.01103940 
  0.32500000   0.55875000   0.03054190 
  0.37500000   0.57500000   0.02535500 
  0.37500000   0.60000000   0.02442070 
  0.35000000   0.58250000   0.02770270 
  0.18749999   0.48374998   0.03091260 
  0.15000000   0.46500000   0.02747250 
  0.12500000   0.44375000   0.02443720 
  0.00000000   0.42500000   0.00000000 
  0.02500000   0.42875000   0.00607686 
  0.05000000   0.43250000   0.01154240 
  0.07500000   0.43625000   0.01641620 
  0.16250000   0.48375000   0.02864190 
  0.27500000   0.55000000   0.03258000 
  0.30000000   0.56000000   0.03169400 
  0.25000000   0.53750000   0.03286100 
  0.22500000   0.52500000   0.03247340 
  0.20000000   0.50000000   0.03160520 
  0.10000000   0.44000000   0.02071010 
  0.50000000   0.67500000   0.00000000 
  0.47500000   0.67500000   0.00566377 
  0.37500000   0.63125000   0.02338150 
  0.40000000   0.65500000   0.01942880 
  0.45000000   0.67500000   0.01070790 
  0.42500000   0.67875000   0.01503460 
  0.32500000   0.58375000   0.02960090 
  0.30000000   0.58000000   0.03100100 
  0.35000000   0.60750000   0.02680800 
  0.17500000   0.50875000   0.02953850 
  0.15000000   0.50000000   0.02713630 
  0.12500000   0.48125000   0.02422240 
  0.12500000   0.46250000   0.02432970 
  0.10000000   0.46000000   0.02065510 
  0.00000000   0.45000000   0.00000000 
  0.02500000   0.45250000   0.00607274 
  0.05000000   0.45500000   0.01151980 
  0.07500000   0.45750000   0.01638020 
  0.25000000   0.56250000   0.03220140 
  0.27500000   0.58625000   0.03146800 
  0.22500000   0.54437500   0.03204170 
  0.20000000   0.52500000   0.03116160 
  0.50000000   0.70000000   0.00000000 
  0.47500000   0.70000000   0.00545519 
  0.37500000   0.65625000   0.02256960 
  0.35000000   0.63250000   0.02594190 
  0.40000000   0.68000000   0.01873230 
  0.37500000   0.67500000   0.02200540 
  0.45000000   0.70250000   0.01031480 
  0.42500000   0.70000000   0.01456900 
  0.30000000   0.60000000   0.03033330 
  0.32500000   0.60875000   0.02872800 
  0.15000000   0.52500000   0.02685970 
  0.17500000   0.54125000   0.02900920 
  0.12500000   0.50000000   0.02408310 
  0.10000000   0.48000000   0.02057800 
  0.07500000   0.47875000   0.01631300 
  0.00000000   0.47500000   0.00000000 
  0.02500000   0.47625000   0.00606659 
  0.05000000   0.47750000   0.01146110 
  0.25000000   0.58750000   0.03149180 
  0.22500000   0.56375000   0.03156760 
  0.27500000   0.61125000   0.03067550 
  0.20000000   0.55000000   0.03065910 
  0.40000000   0.70000000   0.01815520 
  0.10000000   0.50500000   0.02039930 
  0.50000000   0.72500000   0.00000000 
  0.47500000   0.72500000   0.00528359 
  0.35000000   0.65750000   0.02510480 
  0.32500000   0.63375000   0.02784630 
  0.37500000   0.70000000   0.02123690 
  0.35000000   0.68250000   0.02424650 
  0.42500000   0.72875000   0.01395590 
  0.45000000   0.72750000   0.00989941 
  0.40000000   0.72500000   0.01751280 
  0.30000000   0.63500000   0.02914920 
  0.12500000   0.52500000   0.02383990 
  0.15000000   0.54625000   0.02656000 
  0.17500000   0.56625000   0.02855450 
  0.07500000   0.50375000   0.01620750 
  0.05000000   0.50000000   0.01142380 
  0.00000000   0.50000000   0.00000000 
  0.02500000   0.50125000   0.00601086 
  0.22500000   0.60000000   0.03059810 
  0.25000000   0.61250000   0.03071970 
  0.20000000   0.59000000   0.02974670 
  0.19999999   0.56999999   0.03021080 
  0.27500000   0.63062500   0.03001590 
  0.07500000   0.52500000   0.01608030 
  0.10000000   0.52500000   0.02020460 
  0.35000000   0.70375000   0.02347520 
  0.50000000   0.75000000   0.00000000 
  0.47500000   0.75000000   0.00511328 
  0.32500000   0.67937500   0.02626270 
  0.32500000   0.65875000   0.02695950 
  0.30000000   0.65500000   0.02843600 
  0.35000000   0.72500000   0.02274190 
  0.37500000   0.73125000   0.02019500 
  0.32500000   0.70000000   0.02550860 
  0.45000000   0.75000000   0.00956124 
  0.40000000   0.75000000   0.01678800 
  0.42500000   0.75000000   0.01341900 
  0.27500000   0.65000000   0.02937780 
  0.12500000   0.55000000   0.02353370 
  0.10000000   0.54500000   0.02005610 
  0.15000000   0.56750000   0.02622310 
  0.17500000   0.59125000   0.02807860 
  0.05000000   0.52500000   0.01135990 
  0.00000000   0.52500000   0.00000000 
  0.02500000   0.52500000   0.00593189 
  0.22500000   0.61937500   0.03005960 
  0.20000000   0.61500000   0.02912520 
  0.25000000   0.63750000   0.02992960 
  0.07500000   0.54625000   0.01593990 
  0.12500000   0.56875000   0.02325450 
  0.05000000   0.55000000   0.01120290 
  0.50000000   0.77500000   0.00000000 
  0.48214286   0.76785714   0.00359429 
  0.45714286   0.76785714   0.00807629 
  0.30000000   0.70000000   0.02679440 
  0.30000000   0.67500000   0.02774280 
  0.35000000   0.75000000   0.02174720 
  0.32500000   0.73375000   0.02415640 
  0.37500000   0.75000000   0.01952000 
  0.30000000   0.72500000   0.02578280 
  0.42619048   0.77380952   0.01270760 
  0.38839286   0.76785714   0.01750160 
  0.40178571   0.78571429   0.01539350 
  0.25000000   0.66250000   0.02912050 
  0.27500000   0.68625000   0.02807070 
  0.10000000   0.57000000   0.01981880 
  0.15000000   0.60000000   0.02563660 
  0.12500000   0.59375000   0.02292620 
  0.17500000   0.61625000   0.02748780 
  0.02500000   0.54875000   0.00593160 
  0.00000000   0.55000000   0.00000000 
  0.22500000   0.63875000   0.02947350 
  0.20000000   0.64000000   0.02844490 
  0.07500000   0.57125000   0.01574110 
  0.05000000   0.57250000   0.01109880 
  0.48333333   0.79375000   0.00318279 
  0.50000000   0.80000000   0.00000000 
  0.46428571   0.78571429   0.00665619 
  0.27500000   0.71125000   0.02708980 
  0.32976190   0.76190476   0.02263670 
  0.36517857   0.77232143   0.01959360 
  0.30000000   0.75000000   0.02466690 
  0.27500000   0.73062500   0.02625980 
  0.42738095   0.79761905   0.01191740 
  0.38035714   0.79464286   0.01725620 
  0.40178571   0.81696429   0.01422420 
  0.22500000   0.67500000   0.02830970 
  0.25000000   0.70000000   0.02772800 
  0.10000000   0.59500000   0.01951620 
  0.12500000   0.61875000   0.02251890 
  0.15000000   0.62125000   0.02520960 
  0.17500000   0.64125000   0.02686140 
  0.02500000   0.57375000   0.00585943 
  0.00000000   0.57500000   0.00000000 
  0.20000000   0.66500000   0.02771710 
  0.07500000   0.60000000   0.01548830 
  0.05000000   0.60000000   0.01092590 
  0.30952381   0.77380952   0.02306060 
  0.46666667   0.81250000   0.00584409 
  0.50000000   0.82500000   0.00000000 
  0.44807692   0.80769231   0.00873361 
  0.25000000   0.72500000   0.02671930 
  0.33095238   0.78571429   0.02142060 
  0.35238095   0.79761905   0.01938810 
  0.28673469   0.77040816   0.02404830 
  0.27500000   0.75000000   0.02533060 
  0.25000000   0.75000000   0.02554880 
  0.42857143   0.82142857   0.01099540 
  0.37769231   0.81923077   0.01635560 
  0.38692308   0.84230769   0.01438730 
  0.41071428   0.83928571   0.01234310 
  0.22500000   0.70000000   0.02739460 
  0.20000000   0.69000000   0.02689680 
  0.10000000   0.62500000   0.01911470 
  0.12500000   0.64375000   0.02204160 
  0.15000000   0.64250000   0.02472420 
  0.17500000   0.66625000   0.02618790 
  0.02500000   0.59875000   0.00577553 
  0.00000000   0.60000000   0.00000000 
  0.07500000   0.62125000   0.01524410 
  0.05000000   0.62250000   0.01077480 
  0.29846939   0.79081633   0.02256930 
  0.13750000   0.65937500   0.02307320 
  0.48250000   0.84250000   0.00294049 
  0.46363636   0.83636364   0.00587634 
  0.44807692   0.82692308   0.00830311 
  0.50000000   0.85000000   0.00000000 
  0.22500000   0.72500000   0.02637740 
  0.22500000   0.75000000   0.02527340 
  0.33129252   0.80442177   0.02033530 
  0.31020408   0.81122449   0.02093410 
  0.35357143   0.82142857   0.01802410 
  0.28214286   0.79910714   0.02254420 
  0.25669643   0.77455357   0.02428820 
  0.23724489   0.77295920   0.02429640 
  0.43333333   0.85000000   0.00946277 
  0.35476190   0.84523810   0.01653930 
  0.39615385   0.86538462   0.01235120 
  0.36680403   0.86492674   0.01447060 
  0.41346154   0.86153846   0.01104390 
  0.20000000   0.71500000   0.02596950 
  0.17500000   0.70000000   0.02513780 
  0.07500000   0.64625000   0.01498340 
  0.10000000   0.65000000   0.01869770 
  0.12500000   0.67500000   0.02136430 
  0.15000000   0.67500000   0.02393560 
  0.02500000   0.62500000   0.00570243 
  0.00000000   0.62500000   0.00000000 
  0.05000000   0.64750000   0.01056680 
  0.02500000   0.65000000   0.00555844 
  0.45227273   0.85454545   0.00706149 
  0.48125000   0.86875000   0.00287517 
  0.50000000   0.87500000   0.00000000 
  0.20000000   0.75000000   0.02453160 
  0.21326530   0.77040816   0.02397430 
  0.32193877   0.83163265   0.01914950 
  0.29349490   0.82971939   0.02025020 
  0.26339286   0.79910714   0.02278260 
  0.27008928   0.82366071   0.02112440 
  0.24394132   0.79751277   0.02292220 
  0.22448979   0.79591839   0.02278520 
  0.42727273   0.87272727   0.00924555 
  0.33367347   0.85204082   0.01716500 
  0.34540816   0.87244898   0.01507500 
  0.37884615   0.88461538   0.01232590 
  0.40000000   0.88750000   0.01074360 
  0.35714286   0.89285714   0.01286480 
  0.17500000   0.72500000   0.02426900 
  0.15000000   0.70000000   0.02322470 
  0.07500000   0.67500000   0.01460750 
  0.10000000   0.67000000   0.01835190 
  0.12500000   0.69375000   0.02093390 
  0.00000000   0.65000000   0.00000000 
  0.05000000   0.67500000   0.01029010 
  0.02500000   0.67375000   0.00545180 
  0.44750000   0.87750000   0.00693084 
  0.48214286   0.89285714   0.00243780 
  0.46250000   0.88750000   0.00493427 
  0.50000000   0.90000000   0.00000000 
  0.17500000   0.75000000   0.02326620 
  0.19047621   0.77380952   0.02297470 
  0.20153061   0.79081633   0.02250350 
  0.30271046   0.85220025   0.01832050 
  0.27678571   0.84821429   0.01918250 
  0.25279018   0.81529019   0.02179180 
  0.24218750   0.83147323   0.02064220 
  0.25595238   0.84523811   0.01958630 
  0.22321428   0.81696431   0.02146540 
  0.43000000   0.89500000   0.00795021 
  0.31444515   0.87260842   0.01629460 
  0.33145359   0.88499558   0.01459280 
  0.38333333   0.90625000   0.01043500 
  0.40454545   0.90909091   0.00897852 
  0.33784218   0.90403625   0.01260830 
  0.36153846   0.91346154   0.01081370 
  0.15000000   0.72500000   0.02242780 
  0.12500000   0.71875000   0.02025660 
  0.10000000   0.70000000   0.01775690 
  0.05000000   0.69750000   0.01008250 
  0.07500000   0.70000000   0.01420000 
  0.00000000   0.67500000   0.00000000 
  0.02500000   0.70000000   0.00532613 
  0.46250000   0.90625000   0.00439923 
  0.48333333   0.91666667   0.00195686 
  0.50000000   0.92500000   0.00000000 
  0.15000000   0.75000000   0.02150280 
  0.16500000   0.77499991   0.02153720 
  0.18095239   0.79761905   0.02127650 
  0.19744897   0.81887758   0.02066240 
  0.28348214   0.87276786   0.01697880 
  0.25744047   0.86904763   0.01756410 
  0.23139880   0.86532741   0.01784190 
  0.21428571   0.83928575   0.01969880 
  0.41666667   0.92222222   0.00730585 
  0.44375000   0.92187500   0.00545936 
  0.31749902   0.89754219   0.01386770 
  0.29017857   0.89732143   0.01448610 
  0.39500000   0.93000000   0.00785103 
  0.37272727   0.92727273   0.00905530 
  0.34423077   0.92307692   0.01045190 
  0.32055288   0.92247596   0.01114070 
  0.12500000   0.75000000   0.01931120 
  0.10000000   0.72500000   0.01719690 
  0.05000000   0.72250000   0.00979447 
  0.07500000   0.72500000   0.01375500 
  0.00000000   0.70000000   0.00000000 
  0.02500000   0.72500000   0.00518623 
  0.46666667   0.93333333   0.00316356 
  0.48125000   0.94375000   0.00169220 
  0.50000000   0.95000000   0.00000000 
  0.13482143   0.77232143   0.01938470 
  0.15500000   0.79999993   0.01968410 
  0.17142858   0.82142857   0.01941260 
  0.18826530   0.84183677   0.01876440 
  0.26465773   0.89367560   0.01512850 
  0.24598212   0.89494048   0.01506390 
  0.21819195   0.88113844   0.01619800 
  0.20535714   0.86160719   0.01771750 
  0.40625000   0.94375000   0.00614945 
  0.42857143   0.94642857   0.00491884 
  0.45000000   0.95000000   0.00356630 
  0.29687500   0.92187500   0.01166030 
  0.27187499   0.91830357   0.01236200 
  0.37750000   0.94750000   0.00679967 
  0.35000000   0.94375000   0.00796957 
  0.32692308   0.94230769   0.00863536 
  0.30357143   0.94642857   0.00844789 
  0.10000000   0.75000000   0.01653880 
  0.11160714   0.76785714   0.01731460 
  0.05000000   0.75000000   0.00944451 
  0.07500000   0.75000000   0.01323080 
  0.00000000   0.72500000   0.00000000 
  0.02500000   0.75000000   0.00501268 
  0.46250000   0.96250000   0.00224673 
  0.48333333   0.96666667   0.00099835 
  0.50000000   0.97500000   0.00000000 
  0.13285714   0.79285714   0.01833890 
  0.12428571   0.81428571   0.01664840 
  0.14500000   0.82499996   0.01764980 
  0.16190477   0.84523810   0.01738110 
  0.17908163   0.86479597   0.01666840 
  0.23452376   0.92083333   0.01208190 
  0.21547611   0.90238094   0.01400740 
  0.19642856   0.88392862   0.01552120 
  0.41071428   0.96428571   0.00405570 
  0.38750000   0.96250000   0.00486493 
  0.44000000   0.98000000   0.00187293 
  0.27678571   0.94642857   0.00869456 
  0.25357141   0.93928571   0.00974114 
  0.35681818   0.96363636   0.00534379 
  0.33333333   0.96250000   0.00585026 
  0.30961538   0.96538462   0.00570336 
  0.28571429   0.96428571   0.00603533 
  0.09047619   0.77380952   0.01470500 
  0.10714286   0.79464286   0.01587620 
  0.04285714   0.76785714   0.00796983 
  0.06428571   0.77678571   0.01114460 
  0.00000000   0.75000000   0.00000000 
  0.01785714   0.76785714   0.00353546 
  0.46250000   0.98125000   0.00119772 
  0.47500000   1.00000000   0.00000000 
  0.50000000   1.00000000   0.00000000 
  0.09821428   0.81696429   0.01409590 
  0.12071428   0.83571428   0.01528470 
  0.13500000   0.84999998   0.01549780 
  0.15238095   0.86904762   0.01518440 
  0.17346936   0.88775518   0.01450070 
  0.22321428   0.94642857   0.00867124 
  0.21428569   0.92559521   0.01133260 
  0.18749999   0.90625006   0.01309000 
  0.39285714   0.98214286   0.00240628 
  0.41666667   0.98333333   0.00195442 
  0.36666667   0.98055555   0.00291662 
  0.42500000   1.00000000   0.00000000 
  0.45000000   1.00000000   0.00000000 
  0.26339286   0.95982143   0.00679994 
  0.24107143   0.95535714   0.00744821 
  0.34090909   0.98181818   0.00294515 
  0.31818182   0.98181818   0.00309211 
  0.29230769   0.98076923   0.00337187 
  0.26785714   0.98214286   0.00318595 
  0.08095238   0.79761905   0.01282910 
  0.03571428   0.78571429   0.00654955 
  0.05357143   0.80357143   0.00902348 
  0.00000000   0.77500000   0.00000000 
  0.01730769   0.79230769   0.00324460 
  0.08928571   0.83928571   0.01226440 
  0.07142857   0.82142857   0.01092720 
  0.10714286   0.85714286   0.01302590 
  0.12500000   0.87500000   0.01320490 
  0.14285714   0.89285714   0.01281540 
  0.16071429   0.91071428   0.01187020 
  0.19642857   0.94642857   0.00844483 
  0.21428571   0.96428571   0.00600597 
  0.17857143   0.92857143   0.01040290 
  0.37500000   1.00000000   0.00000000 
  0.40000000   1.00000000   0.00000000 
  0.35000000   1.00000000   0.00000000 
  0.23076923   0.98269231   0.00310694 
  0.32500000   1.00000000   0.00000000 
  0.30000000   1.00000000   0.00000000 
  0.27500000   1.00000000   0.00000000 
  0.25000000   1.00000000   0.00000000 
  0.03333333   0.81250000   0.00582242 
  0.05192308   0.82692308   0.00825634 
  0.00000000   0.80000000   0.00000000 
  0.08333333   0.86875000   0.01037070 
  0.06923077   0.84423077   0.00991948 
  0.10384615   0.87884615   0.01149680 
  0.12115385   0.89615385   0.01144050 
  0.13333333   0.92500000   0.00949579 
  0.15576923   0.93076923   0.00959197 
  0.18333333   0.98125000   0.00321345 
  0.17307692   0.94807692   0.00789271 
  0.20769231   0.98269231   0.00303932 
  0.22500000   1.00000000   0.00000000 
  0.03636364   0.83636364   0.00586412 
  0.01750000   0.84250000   0.00287560 
  0.00000000   0.82500000   0.00000000 
  0.05454545   0.85454545   0.00784432 
  0.06363636   0.87272727   0.00826195 
  0.07000000   0.89500000   0.00792472 
  0.09090909   0.89090909   0.00981974 
  0.10909091   0.90909091   0.00974239 
  0.14545455   0.94545455   0.00763698 
  0.12250000   0.94750000   0.00678116 
  0.11136364   0.92727273   0.00834009 
  0.17500000   1.00000000   0.00000000 
  0.15909091   0.98181818   0.00293212 
  0.16363636   0.96363636   0.00562141 
  0.20000000   1.00000000   0.00000000 
  0.03333333   0.86388889   0.00497619 
  0.00000000   0.85000000   0.00000000 
  0.03750000   0.88750000   0.00492075 
  0.05625000   0.90625000   0.00617971 
  0.08333333   0.92222222   0.00730791 
  0.14318182   0.96363636   0.00532552 
  0.11250000   0.96250000   0.00484057 
  0.09375000   0.94375000   0.00611185 
  0.15000000   1.00000000   0.00000000 
  0.13125000   0.98125000   0.00278863 
  0.01785714   0.89285714   0.00242147 
  0.00000000   0.87500000   0.00000000 
  0.02083333   0.91666667   0.00241461 
  0.03333333   0.93333333   0.00313215 
  0.06250000   0.92500000   0.00573163 
  0.07142857   0.94642857   0.00491921 
  0.09375000   0.96250000   0.00431204 
  0.10937500   0.98125000   0.00253454 
  0.12500000   1.00000000   0.00000000 
  0.00000000   0.90000000   0.00000000 
  0.01875000   0.94375000   0.00171557 
  0.00000000   0.92500000   0.00000000 
  0.05000000   0.95000000   0.00356262 
  0.08333333   0.98333333   0.00197651 
  0.06000000   0.98000000   0.00182103 
  0.10000000   1.00000000   0.00000000 
  0.01666667   0.96666667   0.00098024 
  0.00000000   0.95000000   0.00000000 
  0.03750000   0.97500000   0.00154864 
  0.07500000   1.00000000   0.00000000 
  0.05000000   1.00000000   0.00000000 
  0.02500000   1.00000000   0.00000000 
  0.00000000   0.97500000   0.00000000 
  0.00000000   1.00000000   0.00000000 
1426 1425 1424 
1419 1425 1420 
1413 1419 1420 
1414 1413 1420 
1406 1415 1413 
1421 1424 1419 
1413 1415 1419 
1421 1417 1423 
1425 1419 1424 
1415 1417 1421 
1414 1405 1413 
1405 1396 1406 
1395 1382 1383 
1404 1393 1403 
1378 1366 1381 
1393 1378 1381 
1379 1365 1378 
1368 1370 1384 
1403 1405 1412 
1409 1399 1410 
1408 1409 1416 
1408 1397 1400 
1407 1408 1415 
1409 1400 1399 
1399 1387 1398 
1416 1409 1410 
1399 1400 1387 
1400 1388 1387 
1408 1400 1409 
1397 1388 1400 
1396 1397 1407 
1385 1388 1397 
1385 1372 1388 
1372 1373 1386 
1421 1423 1424 
1407 1397 1408 
1422 1423 1417 
1416 1422 1417 
1408 1416 1417 
1410 1418 1416 
1398 1386 1391 
1393 1404 1394 
1379 1394 1380 
1369 1382 1381 
1393 1394 1379 
1365 1380 1367 
1384 1383 1368 
1371 1384 1370 
1385 1397 1384 
1371 1385 1384 
1350 1351 1370 
1352 1372 1371 
1372 1387 1388 
1384 1397 1383 
1405 1414 1412 
1395 1405 1403 
1406 1413 1405 
1407 1406 1396 
1415 1421 1419 
1379 1380 1365 
1410 1411 1418 
1209 1237 1210 
1195 1209 1182 
1221 1237 1209 
1326 1301 1327 
1348 1324 1325 
1324 1343 1316 
1299 1325 1324 
1298 1299 1316 
1298 1273 1299 
1348 1349 1324 
1196 1176 1202 
1195 1196 1222 
1170 1176 1196 
1353 1372 1352 
1262 1261 1287 
1288 1262 1287 
1283 1258 1257 
1172 1171 1197 
1235 1262 1257 
1171 1173 1197 
1103 1077 1104 
1126 1103 1104 
1100 1077 1103 
1173 1178 1197 
1126 1150 1145 
1151 1152 1179 
1206 1180 1179 
1150 1127 1151 
1257 1262 1283 
1231 1257 1258 
1232 1205 1208 
1231 1232 1257 
1231 1205 1232 
1175 1176 1148 
1174 1175 1146 
1199 1201 1175 
1163 1174 1146 
1226 1227 1229 
1199 1226 1201 
1199 1200 1226 
1143 1124 1148 
1178 1205 1204 
1150 1178 1173 
1145 1150 1173 
1127 1152 1151 
1151 1179 1180 
1124 1101 1123 
1148 1124 1147 
1120 1101 1124 
1121 1098 1122 
1123 1121 1139 
1099 1098 1121 
1206 1233 1208 
1205 1180 1208 
1234 1230 1255 
1179 1207 1206 
1179 1181 1207 
1373 1372 1353 
1369 1368 1382 
1345 1349 1366 
1348 1368 1369 
1402 1410 1399 
1347 1367 1346 
1347 1365 1367 
1320 1347 1346 
1319 1320 1346 
1294 1291 1317 
1315 1318 1292 
1319 1294 1320 
1265 1266 1291 
1366 1378 1365 
1345 1366 1365 
1347 1344 1365 
1349 1348 1369 
1343 1349 1345 
1344 1318 1345 
1272 1263 1247 
1248 1272 1247 
1301 1300 1274 
1325 1350 1348 
1315 1289 1290 
1316 1315 1290 
1264 1289 1266 
1241 1264 1266 
1238 1263 1264 
1238 1237 1263 
1396 1383 1397 
1415 1406 1407 
1395 1393 1382 
1405 1395 1396 
1403 1393 1395 
1404 1403 1412 
1395 1383 1396 
1381 1382 1393 
1379 1378 1393 
1366 1369 1381 
1368 1383 1382 
1401 1411 1402 
1293 1294 1319 
1390 1402 1398 
1291 1294 1268 
1292 1291 1266 
1315 1292 1289 
1263 1290 1289 
1343 1345 1318 
1318 1344 1317 
1292 1318 1291 
1315 1343 1318 
1344 1347 1320 
1317 1344 1320 
1294 1317 1320 
1291 1318 1317 
1345 1365 1344 
1390 1389 1401 
1402 1390 1401 
1391 1374 1390 
1143 1170 1169 
1096 1101 1120 
1371 1372 1385 
1356 1375 1373 
1352 1328 1353 
1352 1327 1328 
1150 1126 1127 
1163 1139 1144 
1122 1126 1145 
1144 1139 1121 
1171 1144 1145 
1171 1172 1144 
1173 1171 1145 
1172 1163 1144 
1098 1100 1122 
1354 1375 1356 
1337 1342 1360 
1313 1314 1288 
1341 1363 1342 
1376 1377 1392 
1354 1329 1355 
1364 1377 1360 
1389 1374 1392 
1416 1418 1422 
1415 1408 1417 
1402 1411 1410 
1355 1376 1374 
1133 1136 1158 
1105 1128 1113 
1079 1105 1089 
1079 1106 1105 
1153 1154 1128 
1169 1182 1153 
1143 1169 1153 
1170 1195 1169 
1169 1195 1182 
1176 1170 1148 
1147 1146 1175 
1202 1223 1196 
1327 1352 1351 
1350 1326 1351 
1302 1275 1279 
1327 1302 1328 
1301 1275 1302 
1221 1209 1195 
1183 1210 1187 
1182 1183 1154 
1209 1210 1183 
1351 1371 1370 
1249 1248 1222 
1352 1371 1351 
1268 1293 1267 
1291 1268 1265 
1294 1293 1268 
435 434 481 
480 434 433 
433 434 387 
430 433 387 
477 480 433 
480 527 481 
434 480 481 
477 525 480 
384 430 387 
642 605 643 
609 608 646 
567 605 608 
525 524 568 
564 566 606 
605 564 606 
565 521 564 
524 523 567 
521 474 522 
566 564 522 
475 427 426 
521 475 474 
476 427 475 
565 523 521 
478 430 476 
433 430 477 
521 522 564 
523 476 521 
567 523 565 
478 476 523 
474 520 522 
430 427 476 
477 430 478 
383 339 378 
430 383 427 
384 339 383 
378 427 383 
338 381 377 
473 474 426 
425 473 426 
472 520 473 
525 527 480 
478 524 477 
569 527 525 
568 569 525 
608 568 567 
608 609 568 
425 472 473 
377 425 426 
378 377 426 
332 338 377 
424 436 472 
381 424 425 
381 376 424 
569 568 609 
377 381 425 
716 683 717 
681 682 715 
643 644 682 
646 642 680 
605 565 564 
642 608 605 
681 642 643 
646 608 642 
376 335 331 
436 424 420 
381 335 376 
373 376 331 
681 680 642 
682 681 643 
714 713 681 
329 374 373 
380 429 382 
368 375 330 
324 368 330 
325 369 368 
416 415 369 
463 423 415 
428 380 379 
463 511 471 
429 380 428 
422 374 421 
421 374 382 
336 334 380 
419 420 373 
374 419 373 
422 466 419 
337 382 374 
468 513 466 
436 420 467 
482 436 467 
472 425 424 
474 475 426 
338 335 381 
329 337 374 
635 607 604 
514 520 482 
467 514 482 
515 558 557 
466 513 467 
420 466 467 
422 468 466 
559 598 558 
715 745 714 
605 567 565 
416 461 464 
415 416 463 
413 461 416 
369 366 413 
375 368 415 
415 368 369 
367 412 414 
716 682 683 
747 716 717 
745 777 776 
714 745 744 
746 777 745 
716 746 715 
747 778 746 
713 714 744 
713 680 681 
524 478 523 
568 524 567 
525 477 524 
476 475 521 
384 383 430 
378 332 377 
427 378 426 
339 332 378 
520 563 522 
375 379 333 
833 834 859 
808 828 835 
867 890 866 
891 867 885 
891 914 890 
883 860 884 
906 883 907 
858 881 857 
883 882 859 
906 905 882 
915 891 909 
778 777 746 
805 778 779 
805 804 778 
831 804 832 
803 776 777 
557 563 520 
515 557 514 
558 597 557 
522 563 566 
861 867 841 
684 683 645 
718 684 707 
718 717 684 
747 717 748 
779 747 748 
715 714 681 
747 746 716 
746 745 715 
674 636 675 
684 674 707 
607 606 566 
674 645 635 
645 644 607 
716 715 682 
604 566 563 
636 635 597 
607 566 604 
644 606 607 
643 605 606 
556 516 513 
602 596 561 
519 562 561 
641 634 602 
560 516 556 
599 597 558 
637 599 598 
637 636 599 
382 429 421 
336 382 337 
336 380 382 
511 463 464 
512 511 464 
509 512 464 
554 511 512 
518 469 471 
519 518 555 
470 421 469 
416 464 463 
670 672 633 
671 670 632 
613 651 632 
752 722 753 
671 686 705 
703 722 720 
670 671 704 
560 596 601 
595 554 593 
641 603 633 
555 554 595 
470 518 519 
553 552 510 
551 553 510 
594 631 593 
632 594 613 
594 593 553 
632 631 594 
651 671 632 
629 651 613 
668 703 686 
723 705 720 
722 752 720 
775 798 802 
743 775 774 
770 798 775 
631 595 593 
518 511 555 
592 553 551 
512 552 554 
509 510 552 
462 510 509 
414 412 460 
462 414 460 
461 413 414 
460 508 462 
590 550 591 
466 420 419 
514 467 515 
472 482 520 
472 436 482 
474 473 520 
424 376 420 
373 331 329 
422 419 374 
420 376 373 
778 747 779 
803 777 804 
776 744 745 
699 700 665 
560 559 516 
633 672 641 
599 636 597 
590 629 592 
515 516 559 
592 594 553 
513 517 556 
513 468 517 
423 379 375 
411 412 365 
417 411 370 
459 412 411 
507 459 465 
507 508 460 
416 369 413 
370 363 410 
417 459 411 
458 417 410 
465 459 417 
365 321 364 
366 323 367 
326 320 292 
363 326 319 
364 320 326 
411 364 370 
321 320 364 
3 1 2 
6 3 2 
5 6 2 
12 18 19 
7 12 13 
11 18 12 
5 11 6 
12 6 11 
4 7 8 
3 6 7 
5 10 11 
23 16 24 
26 23 32 
17 16 23 
8 9 4 
53 66 77 
39 53 40 
28 19 27 
21 20 29 
14 13 20 
27 26 37 
28 27 39 
19 18 27 
52 45 59 
76 52 68 
76 67 52 
59 82 83 
52 59 68 
45 58 59 
191 165 160 
66 53 51 
51 39 38 
17 26 18 
10 17 11 
33 24 25 
33 25 34 
15 9 14 
8 14 9 
26 27 18 
28 29 20 
19 28 20 
39 29 28 
42 40 54 
30 42 41 
30 40 42 
77 54 53 
77 78 54 
22 15 21 
37 26 32 
52 37 45 
38 27 37 
52 38 37 
52 51 38 
13 12 19 
11 17 18 
12 7 6 
13 8 7 
20 13 19 
14 8 13 
4 3 7 
10 16 17 
60 46 61 
59 58 82 
45 32 44 
51 53 39 
44 33 46 
45 44 58 
32 33 44 
17 23 26 
58 46 60 
44 46 58 
34 47 46 
33 34 46 
23 33 32 
23 24 33 
25 35 34 
47 34 35 
85 84 60 
62 86 61 
85 113 111 
114 89 115 
63 87 62 
63 64 87 
266 233 235 
45 37 32 
47 61 46 
36 47 35 
36 49 47 
21 15 14 
20 21 14 
29 30 21 
62 61 47 
389 341 388 
440 389 437 
440 390 389 
30 41 31 
21 30 22 
42 54 56 
29 40 30 
29 39 40 
49 36 48 
63 49 48 
62 47 49 
116 115 88 
117 116 88 
144 142 116 
63 62 49 
50 63 48 
50 64 63 
64 50 65 
117 88 90 
89 87 64 
88 89 64 
114 113 86 
211 209 241 
152 183 175 
181 209 211 
55 56 80 
79 55 80 
43 31 41 
55 43 41 
99 100 126 
98 99 126 
153 149 125 
92 73 98 
149 148 119 
98 125 119 
153 180 149 
73 99 98 
92 69 73 
180 179 149 
179 180 208 
205 178 207 
148 149 179 
120 147 121 
92 120 93 
92 119 120 
207 208 240 
238 207 240 
176 206 177 
148 178 146 
205 206 176 
146 147 119 
179 178 148 
177 150 147 
176 177 146 
182 181 150 
206 182 177 
210 209 181 
206 210 182 
206 239 210 
236 206 205 
239 242 210 
151 127 150 
183 151 181 
152 123 151 
183 152 151 
143 124 152 
94 72 70 
181 151 150 
123 95 101 
125 98 126 
153 125 126 
149 119 125 
146 119 148 
92 98 119 
122 121 150 
69 93 70 
69 92 93 
269 271 307 
268 237 270 
238 240 271 
237 238 269 
270 237 269 
308 270 269 
305 268 270 
268 236 237 
205 207 238 
122 150 127 
101 122 127 
94 93 121 
308 269 307 
124 95 123 
207 179 208 
178 176 146 
207 178 179 
205 176 178 
147 120 119 
97 122 101 
93 94 70 
121 147 150 
94 121 122 
93 120 121 
117 124 143 
144 116 143 
143 116 117 
64 90 88 
90 96 117 
97 72 94 
122 97 94 
101 95 97 
123 101 127 
151 123 127 
152 124 123 
95 74 97 
308 307 352 
400 401 353 
309 270 308 
95 124 117 
71 95 96 
74 72 97 
496 448 495 
541 542 495 
497 450 496 
531 488 530 
450 448 496 
483 447 450 
494 483 497 
494 447 483 
273 310 312 
239 236 268 
181 182 210 
268 305 306 
239 268 272 
236 205 237 
206 236 239 
205 238 237 
177 147 146 
238 271 269 
452 401 451 
402 354 401 
448 398 449 
398 354 402 
354 398 350 
450 399 448 
450 447 403 
305 270 309 
309 308 353 
96 75 71 
452 499 495 
402 452 449 
353 401 354 
309 353 354 
352 400 353 
400 451 401 
451 498 452 
389 342 341 
86 85 61 
87 86 62 
113 85 86 
114 141 113 
87 114 86 
87 89 114 
141 170 138 
161 159 131 
301 302 265 
253 286 258 
249 257 223 
219 249 223 
189 219 223 
188 202 219 
267 283 249 
304 283 267 
304 318 283 
294 286 257 
342 295 294 
84 82 60 
84 110 82 
61 85 60 
112 130 110 
111 113 138 
232 200 233 
112 139 140 
200 173 203 
201 200 232 
201 171 200 
171 170 200 
111 138 139 
112 111 139 
84 85 111 
113 141 138 
141 142 170 
130 131 102 
84 112 110 
161 131 130 
102 131 129 
234 232 265 
142 144 173 
173 144 174 
189 159 161 
171 139 138 
170 171 138 
201 172 171 
202 172 201 
234 202 232 
188 172 202 
188 161 172 
130 140 161 
112 84 111 
222 190 189 
223 222 189 
223 253 222 
190 159 189 
253 224 222 
222 224 190 
257 253 223 
257 286 253 
258 226 224 
224 226 192 
192 226 225 
194 164 191 
160 190 192 
192 190 224 
191 164 165 
225 191 192 
225 194 191 
145 129 160 
82 58 60 
306 305 350 
351 399 356 
394 349 346 
209 210 242 
242 239 272 
241 242 272 
241 209 242 
346 349 304 
347 346 301 
347 394 346 
182 150 177 
498 499 452 
499 544 543 
544 585 543 
65 90 64 
65 75 90 
57 43 55 
41 56 55 
22 30 31 
41 42 56 
51 52 67 
66 51 67 
39 27 38 
243 275 244 
241 243 211 
241 273 274 
243 241 274 
265 290 301 
234 267 249 
161 140 172 
256 290 265 
346 304 302 
188 219 189 
219 234 249 
161 188 189 
140 139 172 
265 267 234 
304 267 302 
283 257 249 
204 203 174 
174 203 173 
175 174 143 
175 204 174 
203 235 233 
183 204 175 
183 211 212 
266 290 256 
142 115 116 
232 233 256 
219 202 234 
200 170 173 
202 201 232 
172 139 171 
142 173 170 
203 233 200 
143 174 144 
204 235 203 
266 256 233 
256 265 232 
115 89 88 
141 115 142 
141 114 115 
160 159 190 
166 193 195 
136 167 168 
105 133 132 
77 105 104 
118 133 105 
104 106 78 
163 162 132 
166 162 193 
166 135 162 
135 107 134 
107 80 106 
56 54 78 
91 67 76 
294 318 341 
140 130 112 
102 76 83 
110 83 82 
265 302 267 
578 620 580 
626 647 610 
586 625 587 
664 665 626 
453 456 407 
493 453 445 
501 500 453 
316 313 357 
386 360 340 
281 280 316 
491 442 490 
537 491 490 
492 443 491 
371 390 418 
296 293 328 
327 342 371 
372 328 371 
295 258 286 
295 342 327 
293 295 327 
286 294 295 
437 388 439 
294 341 342 
397 394 438 
341 349 388 
273 312 311 
274 273 311 
275 274 311 
275 243 274 
241 272 273 
346 302 301 
318 304 349 
318 294 283 
283 294 257 
580 538 537 
393 443 444 
442 390 441 
391 418 443 
391 372 418 
440 441 390 
342 389 390 
437 485 440 
485 489 441 
398 448 399 
401 452 402 
452 495 449 
438 446 487 
211 183 181 
310 306 351 
312 310 351 
273 272 310 
212 204 183 
243 212 211 
243 244 212 
224 253 258 
143 152 175 
497 496 542 
398 351 350 
449 398 402 
399 351 398 
303 348 347 
266 303 290 
311 348 303 
272 306 310 
403 447 395 
450 403 399 
395 396 347 
355 395 348 
311 355 348 
312 356 355 
447 396 395 
306 350 351 
356 403 355 
351 356 312 
399 403 356 
272 268 306 
353 308 352 
350 309 354 
350 305 309 
693 692 728 
661 693 696 
621 659 661 
655 615 656 
619 655 659 
619 615 655 
659 655 656 
533 575 532 
529 488 532 
531 530 573 
756 755 788 
757 789 758 
694 691 657 
757 726 756 
692 691 726 
108 107 135 
109 108 136 
81 79 108 
108 79 107 
194 225 227 
133 145 165 
163 133 164 
193 163 164 
162 134 132 
104 78 77 
91 105 77 
132 106 104 
163 132 133 
134 106 132 
160 129 159 
165 145 160 
192 191 160 
164 133 165 
193 164 194 
193 162 163 
83 76 68 
59 83 68 
102 103 76 
110 102 83 
110 130 102 
129 103 102 
159 129 131 
145 118 129 
118 91 103 
66 91 77 
118 103 129 
293 259 258 
118 145 133 
91 118 105 
91 76 103 
259 260 225 
258 259 226 
296 260 259 
227 193 194 
260 261 227 
226 259 225 
296 261 260 
196 197 168 
167 196 168 
166 195 196 
227 195 193 
228 197 196 
57 55 79 
54 40 53 
95 71 74 
117 96 95 
90 75 96 
57 79 81 
573 614 576 
195 227 228 
135 134 162 
91 66 67 
449 495 448 
544 499 498 
543 495 499 
622 623 583 
542 540 497 
495 542 496 
582 540 542 
541 582 542 
543 541 495 
583 585 622 
624 583 623 
543 585 583 
614 653 654 
541 583 584 
576 575 533 
576 618 575 
531 573 533 
614 618 576 
584 614 582 
624 653 614 
658 690 657 
614 654 618 
653 689 654 
622 663 662 
583 624 584 
662 623 622 
662 653 623 
628 589 610 
109 136 137 
662 698 697 
154 155 184 
217 248 218 
158 186 187 
247 281 278 
246 216 247 
277 246 278 
217 215 246 
245 276 247 
156 154 184 
580 539 538 
578 580 537 
581 539 580 
625 586 620 
545 539 581 
586 545 581 
546 500 545 
586 546 545 
620 586 581 
587 546 586 
625 626 587 
660 625 620 
660 664 625 
610 570 587 
588 548 589 
504 479 456 
546 504 500 
526 479 504 
548 526 570 
589 548 570 
588 547 548 
548 503 526 
500 501 545 
570 526 546 
445 444 492 
493 501 453 
538 493 492 
538 539 493 
404 361 357 
262 297 264 
225 260 227 
296 297 261 
293 296 259 
258 295 293 
342 390 371 
343 297 296 
392 344 345 
445 392 444 
357 344 392 
404 407 361 
445 404 392 
445 453 404 
361 316 357 
261 262 227 
391 345 343 
262 228 227 
297 262 261 
264 230 262 
262 230 228 
300 264 297 
299 263 264 
298 299 344 
313 298 344 
313 316 280 
263 245 229 
229 214 198 
264 263 230 
245 213 229 
534 529 532 
345 344 300 
343 345 300 
393 444 392 
391 393 345 
391 443 393 
247 278 246 
315 278 281 
279 314 282 
315 277 278 
315 314 277 
328 372 343 
327 328 293 
327 371 328 
328 343 296 
418 372 371 
391 343 372 
442 443 418 
390 442 418 
441 490 442 
393 392 345 
300 299 264 
343 300 297 
344 299 300 
195 228 196 
199 197 228 
199 198 169 
107 79 80 
78 106 80 
56 78 80 
132 104 105 
108 109 81 
135 136 108 
135 167 136 
106 134 107 
166 167 135 
166 196 167 
137 155 128 
168 137 136 
168 169 137 
230 199 228 
137 128 109 
169 198 184 
137 169 155 
197 199 169 
231 199 230 
263 231 230 
229 199 231 
197 169 168 
169 184 155 
229 198 199 
214 185 198 
213 214 229 
216 213 245 
216 246 215 
186 158 185 
213 186 185 
213 216 186 
157 156 184 
154 128 155 
658 657 617 
654 658 618 
654 690 658 
697 725 689 
662 697 689 
698 730 697 
657 616 617 
694 657 690 
691 656 657 
694 726 691 
724 694 690 
724 726 694 
656 693 659 
616 656 615 
616 657 656 
689 724 690 
696 728 729 
789 790 759 
788 789 757 
817 790 789 
699 731 700 
536 535 489 
534 536 489 
534 577 536 
441 489 490 
529 486 488 
489 529 534 
485 486 529 
584 582 541 
543 583 541 
624 614 584 
447 446 396 
540 494 497 
530 487 494 
573 530 540 
573 576 533 
582 573 540 
582 614 573 
533 488 531 
487 446 494 
488 487 530 
488 486 439 
532 488 533 
439 438 487 
488 439 487 
486 437 439 
244 266 235 
212 244 235 
275 266 244 
204 212 235 
311 303 275 
355 311 312 
403 395 355 
347 301 303 
303 266 275 
446 394 396 
397 388 349 
394 397 349 
438 388 397 
446 438 394 
447 494 446 
347 348 395 
394 347 396 
301 290 303 
450 497 483 
494 540 530 
440 485 441 
388 437 389 
318 349 341 
438 439 388 
486 485 437 
724 755 756 
724 725 755 
726 724 756 
689 725 724 
654 689 690 
662 663 698 
653 662 689 
653 624 623 
730 755 725 
184 198 185 
761 787 755 
215 217 187 
186 215 187 
186 216 215 
185 214 213 
157 185 158 
157 184 185 
245 247 216 
788 755 787 
217 218 187 
217 246 248 
220 218 248 
730 725 697 
761 755 730 
726 758 727 
816 788 787 
626 625 664 
579 535 577 
578 579 619 
578 535 579 
538 491 537 
501 493 539 
492 491 538 
490 535 537 
621 660 620 
578 621 620 
619 659 621 
574 575 616 
577 574 615 
534 532 574 
693 656 692 
579 577 619 
656 691 692 
574 616 615 
617 618 658 
575 617 616 
575 618 617 
248 250 220 
817 788 816 
844 817 816 
570 610 589 
628 647 667 
626 610 587 
667 647 665 
628 610 647 
666 628 667 
666 648 627 
570 546 587 
578 619 621 
581 580 620 
537 535 578 
489 535 490 
574 532 575 
577 534 574 
619 577 615 
535 536 577 
489 485 529 
729 760 732 
699 729 732 
695 696 729 
699 695 729 
759 791 760 
700 702 667 
665 700 667 
850 823 848 
838 824 851 
813 796 824 
793 762 763 
821 792 793 
848 821 849 
850 824 823 
875 850 873 
875 851 850 
823 820 848 
873 850 848 
824 796 823 
795 768 767 
735 765 767 
820 796 795 
848 820 821 
796 768 795 
821 820 792 
731 732 763 
763 762 731 
764 763 732 
764 794 763 
839 864 865 
852 839 865 
877 852 865 
769 797 784 
722 736 753 
782 797 769 
813 824 838 
765 733 762 
792 765 762 
795 767 765 
824 850 851 
849 871 874 
793 822 821 
794 791 819 
874 898 900 
250 282 284 
277 314 279 
323 321 365 
367 323 365 
366 325 322 
255 288 289 
287 321 288 
254 287 255 
285 284 292 
252 285 254 
292 319 326 
285 292 320 
284 319 292 
252 221 251 
359 358 405 
319 317 362 
314 358 359 
279 248 246 
277 279 246 
282 248 279 
317 282 314 
250 248 282 
251 250 284 
285 251 284 
285 252 251 
221 220 250 
479 432 456 
456 432 431 
404 453 407 
500 504 456 
546 526 504 
408 410 363 
405 409 362 
454 502 457 
406 454 405 
360 406 405 
386 432 406 
457 458 410 
502 484 457 
502 505 484 
479 503 455 
547 572 528 
409 405 454 
408 409 454 
408 362 409 
363 362 408 
410 417 370 
317 284 282 
370 364 326 
320 287 285 
363 370 326 
321 287 320 
317 314 359 
362 317 359 
319 284 317 
340 315 316 
361 340 316 
360 315 340 
406 360 386 
358 315 360 
362 359 405 
314 315 358 
385 340 361 
407 385 361 
386 340 385 
316 315 281 
385 407 431 
843 816 842 
868 843 842 
818 790 817 
846 818 844 
846 845 818 
899 895 921 
816 843 844 
921 896 922 
868 870 843 
868 894 870 
791 764 760 
818 845 819 
764 732 760 
819 822 794 
790 819 791 
845 847 819 
793 792 762 
794 793 763 
794 822 793 
791 794 764 
847 871 849 
913 912 940 
957 930 931 
889 888 913 
758 789 759 
759 760 728 
758 759 728 
727 758 728 
692 727 728 
692 726 727 
789 788 817 
726 757 758 
756 788 757 
790 791 759 
844 818 817 
874 848 849 
790 818 819 
846 872 845 
626 665 647 
695 664 660 
695 699 664 
664 699 665 
661 695 660 
621 661 660 
659 693 661 
729 728 760 
661 696 695 
693 728 696 
732 731 699 
1081 1080 1107 
1066 1042 1053 
1017 993 1015 
1040 1017 1038 
994 993 1017 
251 221 250 
506 549 507 
458 506 465 
550 549 506 
528 550 506 
528 571 550 
505 528 506 
458 505 506 
502 547 505 
572 571 528 
551 510 508 
549 551 508 
670 633 631 
603 562 595 
629 591 630 
592 629 613 
594 592 613 
551 590 592 
590 591 629 
550 590 549 
685 652 650 
668 629 630 
591 571 612 
627 648 611 
588 627 611 
589 628 627 
879 854 878 
903 879 878 
904 880 879 
861 885 867 
829 856 855 
904 885 880 
801 774 802 
786 814 809 
812 836 811 
784 812 811 
797 825 812 
838 839 814 
852 836 825 
797 812 784 
753 769 784 
809 825 797 
877 862 852 
837 811 836 
862 837 836 
878 863 887 
878 853 863 
863 853 837 
826 854 830 
837 853 827 
878 854 853 
903 878 887 
903 904 879 
853 826 827 
783 785 754 
784 783 753 
810 785 783 
811 810 784 
827 798 810 
837 827 811 
826 830 802 
798 826 802 
853 854 826 
811 827 810 
800 801 829 
810 783 784 
798 785 810 
826 798 827 
802 774 775 
801 802 830 
775 743 770 
773 774 801 
773 741 742 
676 638 677 
786 766 796 
797 782 809 
721 703 688 
513 516 467 
517 561 556 
421 470 468 
471 428 423 
463 471 423 
511 518 471 
517 470 519 
421 429 469 
516 515 467 
255 287 288 
548 547 503 
627 588 589 
572 547 588 
571 572 611 
612 571 611 
650 649 611 
630 591 612 
591 550 571 
484 505 458 
319 362 363 
405 358 360 
313 344 357 
280 276 313 
247 280 281 
247 276 280 
263 229 231 
298 263 299 
276 245 263 
298 276 263 
298 313 276 
572 588 611 
455 432 479 
454 455 502 
454 406 455 
431 386 385 
456 431 407 
432 386 431 
503 502 455 
526 503 479 
547 502 503 
455 406 432 
357 392 404 
491 443 442 
493 445 492 
545 501 539 
500 456 453 
444 443 492 
325 368 324 
379 380 334 
333 379 334 
423 428 379 
415 423 375 
468 470 517 
509 464 461 
462 509 461 
752 723 720 
783 752 753 
783 754 752 
738 704 705 
754 770 738 
752 754 723 
785 770 754 
737 706 704 
723 754 738 
712 706 737 
671 651 686 
596 602 634 
670 631 632 
603 595 633 
602 603 641 
602 561 562 
593 552 553 
633 595 631 
554 552 593 
469 429 428 
471 469 428 
518 470 469 
519 561 517 
511 554 555 
512 509 552 
468 422 421 
333 330 375 
628 666 627 
862 836 852 
863 862 886 
863 837 862 
668 630 669 
703 668 669 
651 629 668 
701 666 702 
766 786 782 
719 734 751 
768 796 766 
685 666 701 
735 734 701 
686 651 668 
720 686 703 
720 705 686 
649 612 611 
669 649 652 
669 630 649 
877 886 862 
254 285 287 
288 322 289 
288 321 323 
325 324 291 
289 322 291 
366 369 325 
322 323 366 
291 322 325 
288 323 322 
367 413 366 
457 410 408 
454 457 408 
484 458 457 
547 528 505 
465 417 458 
507 465 506 
508 507 549 
590 551 549 
510 462 508 
412 367 365 
364 411 365 
459 460 412 
414 462 461 
413 367 414 
459 507 460 
804 831 803 
674 675 707 
563 597 604 
558 515 559 
599 558 598 
597 563 557 
635 604 597 
674 635 636 
644 683 682 
606 644 643 
645 683 644 
635 645 607 
674 684 645 
557 520 514 
856 830 854 
879 856 854 
880 855 856 
708 709 740 
600 598 559 
601 600 560 
596 634 601 
556 596 560 
556 561 596 
742 774 773 
710 678 711 
709 710 741 
709 676 677 
711 712 743 
672 704 706 
743 774 742 
711 743 742 
770 785 798 
737 770 743 
737 738 770 
676 709 708 
638 676 637 
677 678 710 
709 677 710 
638 639 677 
636 637 675 
562 603 602 
555 562 519 
555 595 562 
640 639 601 
800 772 773 
828 799 800 
855 828 829 
830 856 829 
841 867 866 
880 861 855 
880 885 861 
855 861 835 
772 741 773 
799 771 772 
829 828 800 
808 781 799 
771 781 749 
639 638 600 
600 559 560 
829 801 830 
910 911 887 
886 910 887 
886 902 910 
839 838 864 
825 839 852 
814 813 838 
825 814 839 
825 809 814 
809 782 786 
836 812 825 
736 722 703 
750 736 721 
782 750 751 
769 736 750 
769 753 736 
796 820 823 
733 702 700 
733 735 702 
731 733 700 
731 762 733 
767 734 735 
792 795 765 
734 768 766 
766 782 751 
813 786 796 
813 814 786 
701 702 735 
864 889 865 
838 851 864 
734 719 701 
768 734 767 
766 751 734 
769 750 782 
688 669 652 
687 688 652 
703 669 688 
820 795 792 
667 702 666 
765 735 733 
901 900 925 
901 876 875 
912 892 916 
888 876 892 
876 851 875 
965 944 953 
944 916 929 
953 944 929 
965 939 944 
944 939 916 
979 972 953 
991 966 965 
967 968 940 
968 995 969 
940 968 941 
994 995 968 
1015 1038 1017 
1018 995 994 
1017 1018 994 
1040 1030 1018 
902 913 931 
994 968 967 
993 994 967 
983 1006 990 
957 964 938 
875 873 900 
1030 1006 1018 
857 831 832 
858 857 832 
833 858 832 
859 882 858 
907 884 908 
934 935 960 
883 884 907 
833 806 834 
858 833 859 
807 780 781 
808 807 781 
815 834 807 
805 806 833 
805 779 806 
804 777 778 
808 799 828 
841 815 835 
781 771 799 
815 807 808 
780 748 749 
748 780 779 
749 718 739 
771 749 739 
781 780 749 
885 904 909 
708 707 675 
637 676 675 
739 718 707 
740 739 708 
740 772 771 
772 740 741 
718 749 748 
740 771 739 
772 800 799 
708 739 707 
748 717 718 
679 640 673 
711 679 712 
678 640 679 
678 639 640 
711 678 679 
737 743 712 
742 741 710 
711 742 710 
598 638 637 
598 600 638 
600 601 639 
840 866 860 
834 815 840 
835 861 841 
815 808 835 
840 815 841 
866 840 841 
860 834 840 
834 806 807 
859 834 860 
806 780 807 
828 855 835 
684 717 683 
942 914 915 
962 942 970 
936 914 942 
942 915 943 
908 914 936 
935 908 936 
884 890 908 
890 884 866 
919 946 943 
909 919 915 
909 932 919 
891 885 909 
914 891 915 
866 884 860 
891 890 867 
914 908 890 
903 887 911 
904 903 932 
856 879 880 
859 860 883 
906 882 883 
806 779 780 
832 805 833 
832 804 805 
906 933 905 
934 907 935 
881 882 905 
882 881 858 
1065 1042 1066 
1036 1014 1033 
1059 1035 1057 
1013 1014 1036 
996 970 971 
1009 1010 985 
984 1009 985 
1008 1032 1009 
984 1008 1009 
1031 1042 1032 
989 962 970 
1014 989 996 
1014 1013 989 
1057 1036 1033 
988 962 989 
961 936 962 
971 946 958 
996 971 985 
943 946 971 
934 960 959 
906 934 933 
906 907 934 
932 938 958 
931 913 941 
957 931 941 
930 902 931 
937 930 957 
938 937 957 
938 911 937 
902 889 913 
910 902 930 
877 865 889 
886 877 902 
773 801 800 
640 634 673 
672 673 641 
671 705 704 
673 634 641 
706 712 679 
672 706 673 
704 738 737 
670 704 672 
705 723 738 
640 601 634 
706 679 673 
676 708 675 
639 678 677 
741 740 709 
719 685 701 
750 721 719 
685 648 666 
687 685 719 
751 750 719 
650 611 648 
685 650 648 
652 649 650 
721 688 687 
719 721 687 
736 703 721 
649 630 612 
687 652 685 
886 887 863 
877 889 902 
912 916 939 
864 888 889 
901 875 900 
916 901 929 
892 876 901 
864 876 888 
864 851 876 
919 943 915 
932 946 919 
904 932 909 
911 938 932 
958 985 971 
932 958 946 
963 984 958 
938 963 958 
938 964 963 
910 930 911 
984 1007 1008 
912 888 892 
940 912 939 
967 940 939 
941 913 940 
913 888 912 
1053 1080 1081 
1029 1053 1031 
1029 1054 1053 
1007 1029 1031 
1030 1055 1054 
971 970 943 
984 985 958 
1007 990 1006 
963 964 984 
983 995 1006 
957 983 964 
957 941 969 
911 930 937 
969 995 983 
957 969 983 
941 968 969 
1032 1042 1056 
1010 1032 1033 
1010 1009 1032 
1007 1031 1008 
990 1007 984 
964 990 984 
964 983 990 
1006 1029 1007 
1006 1030 1029 
1010 1033 1014 
1056 1057 1033 
1081 1065 1066 
1084 1057 1056 
1090 1084 1065 
1092 1111 1084 
987 1011 986 
960 987 986 
1013 1036 1035 
988 1013 1012 
988 989 1013 
935 961 960 
1010 996 985 
1031 1032 1008 
1014 996 1010 
934 959 933 
920 924 897 
1130 1109 1131 
1115 1130 1137 
1107 1109 1130 
1137 1116 1115 
1082 1054 1055 
1054 1080 1053 
1030 1054 1029 
1082 1080 1054 
1083 1082 1055 
1108 1109 1082 
1081 1066 1053 
1012 1034 1011 
911 932 903 
1022 1005 999 
1059 1057 1084 
1091 1109 1107 
1080 1091 1107 
1080 1082 1091 
1091 1082 1109 
1040 1055 1030 
1083 1110 1108 
1063 1083 1055 
1062 1088 1083 
1132 1133 1157 
1082 1083 1108 
1063 1062 1083 
1040 1063 1055 
1040 1038 1063 
1006 995 1018 
1038 1062 1063 
1018 1017 1040 
1015 1037 1038 
1038 1060 1062 
991 1015 993 
1037 1061 1060 
1016 1037 1015 
1016 1039 1037 
1087 1089 1113 
1087 1113 1114 
1060 1087 1088 
1060 1061 1087 
1113 1089 1105 
1136 1113 1128 
1110 1114 1133 
1088 1062 1060 
1110 1088 1114 
1110 1083 1088 
1087 1061 1089 
1003 982 1005 
1027 1004 1003 
927 928 899 
954 927 926 
954 928 927 
972 965 953 
992 972 979 
992 965 972 
899 928 917 
929 925 953 
900 873 874 
929 901 925 
901 916 892 
1039 1064 1061 
1128 1105 1129 
1110 1133 1132 
1247 1237 1221 
1247 1263 1237 
1326 1327 1351 
1300 1301 1326 
1273 1274 1300 
1195 1222 1221 
1223 1229 1250 
1227 1254 1229 
1305 1302 1279 
1228 1200 1225 
1251 1252 1225 
1253 1254 1227 
1275 1250 1254 
1305 1328 1302 
1301 1274 1275 
1227 1200 1228 
1253 1227 1228 
1229 1201 1226 
1279 1275 1254 
1202 1201 1229 
1250 1249 1223 
1254 1250 1229 
1274 1249 1250 
1325 1300 1326 
1350 1325 1326 
1324 1316 1299 
1315 1316 1343 
1290 1272 1298 
1289 1264 1263 
1239 1213 1238 
1241 1239 1264 
1241 1211 1239 
1265 1241 1266 
1211 1212 1239 
1210 1237 1238 
1213 1187 1210 
1264 1239 1238 
1186 1185 1156 
1239 1212 1213 
1132 1157 1156 
1108 1132 1131 
1108 1110 1132 
1158 1157 1133 
1131 1155 1130 
1108 1131 1109 
1156 1155 1131 
1164 1156 1157 
1187 1164 1157 
1187 1186 1164 
1185 1155 1156 
1211 1184 1212 
1212 1184 1185 
1187 1158 1183 
843 869 844 
956 982 979 
975 999 977 
1022 1045 1046 
1028 1022 1046 
999 1021 1022 
977 999 981 
975 1000 999 
847 822 819 
871 847 845 
849 822 847 
873 848 874 
821 822 849 
872 871 845 
893 898 871 
1003 1028 1027 
1004 992 979 
1016 1004 1027 
1016 992 1004 
979 982 1003 
872 846 869 
1005 1022 1028 
981 1005 982 
981 999 1005 
976 975 950 
1003 1005 1028 
898 874 871 
977 950 975 
955 948 952 
981 955 977 
926 948 955 
980 956 954 
896 869 870 
896 921 895 
897 896 870 
897 923 922 
899 872 895 
945 953 925 
918 945 925 
956 953 945 
954 956 928 
955 954 926 
955 981 980 
979 953 956 
893 872 899 
897 870 894 
920 897 894 
924 923 897 
980 982 956 
955 980 954 
981 982 980 
869 846 844 
870 869 843 
895 872 869 
925 900 898 
960 986 959 
989 970 996 
961 962 988 
987 961 988 
935 936 961 
936 942 962 
907 908 935 
942 943 970 
961 987 960 
1035 1036 1057 
1058 1035 1059 
1012 1013 1035 
987 1012 1011 
987 988 1012 
1081 1107 1090 
1058 1034 1035 
977 955 952 
1085 1058 1059 
922 923 948 
921 922 948 
896 897 922 
947 924 920 
949 951 923 
1111 1112 1085 
1086 1111 1085 
1059 1086 1085 
1059 1084 1086 
1092 1116 1111 
1111 1134 1112 
1086 1084 1111 
1034 1012 1035 
1056 1042 1065 
1084 1056 1065 
1033 1032 1056 
1090 1107 1115 
1042 1031 1053 
1116 1137 1138 
1090 1115 1092 
1084 1090 1092 
1065 1081 1090 
1107 1130 1115 
1186 1187 1213 
1212 1186 1213 
1212 1185 1186 
1159 1160 1135 
1135 1112 1134 
974 973 997 
1001 978 998 
949 973 974 
923 924 949 
952 923 950 
977 952 950 
948 923 952 
921 926 899 
869 896 895 
948 926 921 
947 973 949 
1134 1159 1135 
1067 1048 1047 
1073 1067 1047 
1073 1075 1067 
1101 1075 1099 
1096 1097 1070 
1039 1016 1027 
1024 1000 1023 
1023 1000 1002 
1026 1023 1002 
1041 1047 1023 
951 949 974 
998 978 974 
950 923 951 
1390 1374 1389 
1398 1391 1390 
1399 1398 1402 
1386 1373 1375 
1387 1386 1398 
1387 1372 1386 
1375 1354 1374 
1386 1375 1391 
1373 1353 1356 
1350 1370 1368 
1348 1350 1368 
1343 1324 1349 
1248 1247 1221 
1222 1248 1221 
1272 1290 1263 
1273 1272 1248 
1298 1316 1290 
1273 1298 1272 
1273 1300 1299 
1274 1273 1249 
1300 1325 1299 
1196 1195 1170 
1223 1222 1196 
1229 1223 1202 
1249 1222 1223 
1249 1273 1248 
1309 1288 1314 
1338 1329 1310 
1360 1338 1337 
1330 1354 1356 
1258 1251 1231 
1114 1088 1087 
1235 1261 1262 
1232 1235 1257 
1232 1208 1235 
1198 1172 1197 
1200 1198 1225 
1200 1174 1198 
1148 1147 1175 
1146 1123 1139 
1174 1199 1175 
1172 1174 1163 
1200 1199 1174 
1147 1123 1146 
1122 1145 1144 
1197 1204 1224 
1121 1123 1099 
1122 1144 1121 
1163 1146 1139 
998 974 997 
1116 1134 1111 
1115 1116 1092 
1138 1134 1116 
1138 1159 1134 
1161 1138 1137 
1161 1184 1162 
1188 1160 1159 
1019 1043 1044 
1188 1189 1160 
1138 1162 1159 
1155 1161 1137 
1184 1190 1162 
1190 1211 1215 
1155 1184 1161 
1155 1185 1184 
1130 1155 1137 
1156 1131 1132 
1243 1265 1268 
1215 1240 1216 
1191 1215 1216 
1211 1240 1215 
1241 1265 1240 
1214 1189 1188 
1069 1043 1068 
1026 1051 1041 
1044 1069 1050 
1078 1077 1049 
1095 1102 1076 
1069 1095 1076 
1119 1102 1095 
1093 1117 1094 
1142 1125 1119 
1180 1178 1151 
1208 1180 1206 
1205 1178 1180 
1149 1152 1127 
1125 1142 1149 
1104 1102 1125 
1127 1104 1125 
1126 1122 1103 
1078 1076 1102 
1142 1167 1149 
1167 1192 1177 
1149 1167 1177 
1142 1140 1167 
1025 1001 1020 
1243 1216 1240 
1094 1069 1068 
1072 1097 1079 
1046 1072 1052 
1071 1097 1072 
1052 1072 1079 
1045 1071 1046 
1045 1048 1070 
1096 1106 1097 
998 997 1019 
1020 998 1019 
1044 1020 1019 
1044 1025 1020 
1000 975 976 
1002 1000 976 
1021 1045 1022 
1000 1021 999 
1024 1045 1021 
1048 1024 1047 
1024 1021 1000 
1001 998 1020 
976 1001 1002 
976 950 951 
978 976 951 
974 978 951 
1001 976 978 
1213 1210 1238 
1156 1164 1186 
1158 1154 1183 
1157 1158 1187 
1133 1114 1136 
1376 1392 1374 
1360 1376 1355 
1360 1377 1376 
1048 1045 1024 
1067 1075 1048 
1070 1097 1071 
1101 1096 1075 
1123 1101 1099 
1123 1147 1124 
1106 1079 1097 
1120 1106 1096 
1120 1143 1129 
1106 1129 1105 
1129 1153 1128 
1120 1129 1106 
1143 1153 1129 
1124 1143 1120 
1148 1170 1143 
1136 1154 1158 
1113 1136 1114 
1128 1154 1136 
1182 1154 1153 
1182 1209 1183 
917 893 899 
945 918 928 
898 893 917 
927 899 926 
945 928 956 
918 898 917 
928 918 917 
925 898 918 
1064 1079 1089 
1061 1064 1089 
1039 1052 1064 
1028 1052 1027 
1046 1071 1072 
1070 1075 1096 
1045 1070 1071 
1048 1075 1070 
966 991 993 
939 966 967 
939 965 966 
991 1016 1015 
967 966 993 
992 1016 991 
965 992 991 
979 1003 1004 
1046 1052 1028 
1039 1061 1037 
1052 1039 1027 
1052 1079 1064 
1037 1060 1038 
893 871 872 
924 947 949 
1094 1068 1093 
1216 1242 1214 
1188 1191 1214 
1211 1241 1240 
1230 1203 1217 
1203 1181 1177 
1217 1203 1192 
1193 1217 1192 
1219 1230 1217 
1230 1207 1203 
1281 1255 1256 
1207 1181 1203 
1261 1235 1236 
1077 1051 1049 
1077 1100 1074 
1125 1149 1127 
1126 1104 1127 
1102 1119 1125 
1077 1102 1104 
1098 1073 1074 
1177 1192 1203 
1152 1177 1181 
1152 1149 1177 
1074 1051 1077 
1098 1074 1100 
1073 1047 1074 
1117 1118 1141 
1119 1117 1140 
1119 1094 1117 
1050 1025 1044 
1049 1050 1076 
1049 1025 1050 
1026 1025 1049 
1002 1001 1025 
1093 1118 1117 
1243 1268 1267 
1242 1243 1267 
1240 1265 1243 
1242 1216 1243 
1266 1289 1292 
1191 1216 1214 
1190 1191 1188 
1162 1190 1188 
1159 1162 1188 
1138 1161 1162 
1184 1211 1190 
1190 1215 1191 
1369 1366 1349 
1374 1391 1375 
1140 1142 1119 
1141 1140 1117 
1141 1165 1140 
1342 1363 1364 
1360 1342 1364 
1314 1341 1342 
1360 1355 1338 
1313 1340 1341 
1166 1167 1140 
1192 1166 1165 
1192 1167 1166 
1362 1363 1341 
1193 1168 1194 
1166 1140 1165 
1141 1168 1165 
1341 1340 1362 
1314 1313 1341 
1309 1283 1288 
1337 1309 1314 
1337 1338 1310 
1342 1337 1314 
1331 1330 1356 
1277 1284 1303 
1338 1355 1329 
1374 1354 1355 
1250 1275 1274 
1253 1278 1279 
1302 1327 1301 
1331 1328 1305 
1331 1353 1328 
1303 1284 1310 
1356 1353 1331 
1287 1312 1313 
1283 1262 1288 
1261 1286 1287 
1201 1202 1176 
1175 1201 1176 
1226 1200 1227 
1172 1198 1174 
1284 1277 1276 
1254 1253 1279 
1276 1251 1258 
1284 1276 1258 
1277 1252 1276 
1228 1252 1253 
1228 1225 1252 
1224 1204 1231 
1330 1303 1329 
1224 1231 1251 
1198 1224 1225 
1198 1197 1224 
1310 1309 1337 
1278 1305 1279 
1252 1277 1253 
1304 1305 1278 
1277 1303 1304 
1253 1277 1278 
1252 1251 1276 
1330 1331 1304 
1354 1330 1329 
1331 1305 1304 
1284 1283 1309 
1277 1304 1278 
1329 1303 1310 
1330 1304 1303 
1258 1283 1284 
1236 1235 1208 
1225 1224 1251 
1204 1205 1231 
1284 1309 1310 
1332 1307 1306 
1339 1312 1311 
1259 1255 1280 
1285 1259 1280 
1260 1236 1233 
1286 1260 1285 
1233 1206 1207 
1260 1233 1259 
1236 1208 1233 
1152 1181 1179 
1255 1230 1256 
1285 1260 1259 
1259 1233 1234 
1069 1044 1043 
1095 1069 1094 
1076 1050 1069 
1119 1095 1094 
1078 1049 1076 
1073 1099 1075 
1051 1074 1047 
1098 1099 1073 
1100 1103 1122 
1077 1078 1102 
1150 1151 1178 
1204 1197 1178 
1026 1002 1025 
1051 1026 1049 
1041 1023 1026 
1047 1041 1051 
1047 1024 1023 
1193 1194 1218 
1217 1193 1219 
1165 1168 1193 
1340 1339 1361 
1362 1340 1361 
1313 1312 1340 
1218 1219 1193 
1220 1218 1194 
1220 1246 1245 
1323 1322 1297 
1296 1322 1321 
1321 1322 1336 
1335 1308 1336 
1295 1296 1321 
1296 1270 1271 
1322 1296 1297 
1295 1270 1296 
1333 1308 1335 
1308 1306 1281 
1358 1333 1335 
1332 1357 1334 
1296 1271 1297 
1269 1270 1295 
1269 1245 1270 
1270 1246 1271 
1282 1269 1295 
1308 1282 1295 
1281 1256 1282 
1244 1219 1218 
1269 1244 1245 
1256 1230 1244 
1339 1359 1361 
1312 1339 1340 
1288 1287 1313 
1311 1285 1307 
1287 1286 1312 
1261 1260 1286 
1334 1359 1339 
1236 1260 1261 
1357 1359 1334 
1193 1192 1165 
1244 1269 1256 
1220 1245 1218 
1246 1270 1245 
1244 1230 1219 
1308 1333 1306 
1321 1308 1295 
1321 1336 1308 
1306 1280 1281 
1332 1306 1333 
1307 1280 1306 
1334 1307 1332 
1285 1280 1307 
1234 1255 1259 
1207 1234 1233 
1207 1230 1234 
1281 1280 1255 
1269 1282 1256 
1282 1308 1281 
1332 1358 1357 
1311 1307 1334 
1333 1358 1332 
1311 1334 1339 
1286 1311 1312 
1286 1285 1311 
1218 1245 1244 
