-2.724952e-04  7.737461e-16 0.000000e+00  0.000000e+00 0.000000e+00  1.000000e+00   0
2.724952e-04  7.737461e-16 0.000000e+00  0.000000e+00 0.000000e+00  1.000000e+00   0
-2.320580e-01  1.030459e-14 0.000000e+00  0.000000e+00 0.000000e+00  1.000000e+00   0
2.320580e-01  1.030459e-14 0.000000e+00  0.000000e+00 0.000000e+00  1.000000e+00   0
0.000000e+00  2.490834e-01 0.000000e+00  0.000000e+00 0.000000e+00  1.000000e+00   0
0.000000e+00  -2.490834e-01 0.000000e+00  0.000000e+00 0.000000e+00  1.000000e+00   0
-3.432048e-01  1.367786e-14 0.000000e+00  0.000000e+00 0.000000e+00  1.000000e+00   0
3.432048e-01  1.367786e-14 0.000000e+00  0.000000e+00 0.000000e+00  1.000000e+00   0
0.000000e+00  9.014357e-01 0.000000e+00  0.000000e+00 0.000000e+00  1.000000e+00   0
0.000000e+00  -9.014357e-01 0.000000e+00  0.000000e+00 0.000000e+00  1.000000e+00   0
