-2.00182   1  4   -0.0186746   0.998597   0.998585   0.0531868   -0.0620249   0.0545855   -0.00838366   0.0155256
-1.96844   1.00178  3.96667   -0.0168573   0.996778   0.998556   0.0537184   -0.0587135   0.0545216   -0.00508269   0.0157008
-1.93506   1.00359  3.93334   -0.01504   0.994959   0.998527   0.05425   -0.0572126   0.0547466   -0.00328153   0.0139722
-1.90168   1.00541  3.9   -0.0132141   0.993133   0.998502   0.0547209   -0.0564986   0.0548732   -0.00233108   0.0121916
-1.8683   1.00724  3.86667   -0.0113833   0.991302   0.998479   0.0551308   -0.056061   0.0549402   -0.00172003   0.0103893
-1.83492   1.00909  3.83334   -0.0095499   0.989469   0.99846   0.0554797   -0.0557304   0.0549459   -0.00127813   0.00857651
-1.80153   1.01094  3.80001   -0.00771605   0.987635   0.998444   0.0557675   -0.055435   0.0548906   -0.000932647   0.00675926
-1.76814   1.01281  3.76667   -0.00588385   0.985803   0.998431   0.0559941   -0.0551394   0.0547729   -0.000647449   0.00494159
-1.73476   1.01468  3.73334   -0.00405542   0.983974   0.998422   0.0561598   -0.0548533   0.0546049   -0.000430933   0.00312491
-1.70137   1.01656  3.7   -0.00223248   0.982151   0.998416   0.0562646   -0.054481   0.0543632   -0.000186508   0.00131663
-1.66798   1.01844  3.66667   -0.000417502   0.980336   0.998413   0.0563088   -0.054103   0.0540809   6.39175e-06   -0.00048573
-1.6346   1.02032  3.63333   0.00138813   0.97853   0.998414   0.0562926   -0.0536765   0.0537347   0.00019181   -0.00227796
-1.60121   1.0222  3.6   0.00318228   0.976736   0.998419   0.0562164   -0.0532109   0.0533373   0.000361579   -0.0040586
-1.56782   1.02407  3.56666   0.0049632   0.974955   0.998426   0.0560806   -0.0527044   0.0528882   0.000518567   -0.00582576
-1.53443   1.02594  3.53333   0.00672917   0.973189   0.998437   0.0558857   -0.0521563   0.0524351   0.000664759   -0.00757839
-1.50104   1.02781  3.49999   0.00848003   0.97144   0.998451   0.0556322   -0.0517159   0.0518054   0.000655904   -0.00932277
-1.46765   1.02966  3.46665   0.0102097   0.969708   0.998469   0.0553207   -0.0510946   0.0512534   0.000775326   -0.0110392
-1.43427   1.0315  3.43332   0.0119208   0.967997   0.998489   0.0549518   -0.0504283   0.0506144   0.000891361   -0.0127359
-1.40088   1.03333  3.39998   0.0136106   0.966307   0.998512   0.0545263   -0.0497185   0.0499317   0.00100359   -0.0144107
-1.36749   1.03514  3.36664   0.0152776   0.96464   0.998539   0.0540447   -0.048967   0.0492068   0.00111167   -0.0160622
-1.33411   1.03694  3.33331   0.0169202   0.962997   0.998567   0.053508   -0.0481754   0.0484415   0.00121529   -0.017689
-1.30072   1.03871  3.29997   0.0185373   0.96138   0.998599   0.052917   -0.0473453   0.0476373   0.00131416   -0.0192897
-1.26734   1.04047  3.26663   0.0201274   0.95979   0.998633   0.0522725   -0.0464782   0.0467958   0.00140798   -0.0208632
-1.23396   1.0422  3.2333   0.0216894   0.958228   0.998669   0.0515755   -0.0455758   0.0459184   0.00149652   -0.0224082
-1.20058   1.04391  3.19996   0.023222   0.956696   0.998707   0.0508269   -0.0446396   0.0450067   0.00157955   -0.0239234
-1.1672   1.0456  3.16662   0.024724   0.955194   0.998748   0.0500277   -0.0436711   0.0440622   0.00165685   -0.025408
-1.13382   1.04725  3.13328   0.0261944   0.953724   0.99879   0.0491789   -0.0426717   0.0430863   0.00172825   -0.0268606
-1.10044   1.04888  3.09995   0.0276322   0.952286   0.998834   0.0482817   -0.0416428   0.0420805   0.00179358   -0.0282804
-1.06707   1.05048  3.06661   0.0290362   0.950882   0.998879   0.0473371   -0.040586   0.041046   0.00185272   -0.0296663
-1.03369   1.05204  3.03327   0.0304056   0.949513   0.998925   0.0463463   -0.0395025   0.0399843   0.00190554   -0.0310174
-1.00032   1.05357  2.99993   0.0317395   0.94818   0.998973   0.0453105   -0.0383938   0.0388966   0.00195196   -0.0323328
-0.966951   1.05506  2.9666   0.033037   0.946882   0.999021   0.0442308   -0.037261   0.0377843   0.00199191   -0.0336116
-0.933582   1.05652  2.93326   0.0342972   0.945623   0.99907   0.0431084   -0.0361054   0.0366485   0.00202536   -0.0348531
-0.900216   1.05794  2.89993   0.0355194   0.944401   0.99912   0.0419447   -0.0349283   0.0354905   0.00205227   -0.0360565
-0.866852   1.05932  2.86659   0.0367029   0.943218   0.99917   0.0407409   -0.0337309   0.0343114   0.00207266   -0.0372211
-0.83349   1.06066  2.83325   0.0378469   0.942074   0.99922   0.0394984   -0.0325142   0.0331124   0.00208655   -0.0383461
-0.80013   1.06196  2.79992   0.0389507   0.940971   0.999269   0.0382183   -0.0312795   0.0318945   0.00209399   -0.0394309
-0.766771   1.06321  2.76659   0.0400139   0.939908   0.999319   0.0369022   -0.0300277   0.0306589   0.00209503   -0.0404749
-0.733415   1.06442  2.73325   0.0410357   0.938887   0.999368   0.0355513   -0.0287599   0.0294065   0.00208977   -0.0414775
-0.700061   1.06558  2.69992   0.0420157   0.937908   0.999416   0.0341671   -0.0274772   0.0281384   0.00207832   -0.0424381
-0.666709   1.0667  2.66658   0.0429532   0.936971   0.999464   0.032751   -0.0261804   0.0268554   0.00206079   -0.0433563
-0.633359   1.06777  2.63325   0.0438479   0.936077   0.99951   0.0313043   -0.0248705   0.0255586   0.00203734   -0.0442314
-0.600011   1.06878  2.59992   0.0446992   0.935226   0.999555   0.0298286   -0.0235484   0.0242488   0.00200812   -0.0450632
-0.566665   1.06975  2.56659   0.0455068   0.934419   0.999599   0.0283252   -0.0222151   0.0229269   0.00197331   -0.0458511
-0.533321   1.07067  2.53326   0.0462702   0.933656   0.999641   0.0267957   -0.0208712   0.0215938   0.0019331   -0.0465947
-0.499979   1.07154  2.49992   0.0469891   0.932938   0.999681   0.0252415   -0.0195178   0.0202502   0.00188771   -0.0472937
-0.466638   1.07236  2.46659   0.0476631   0.932264   0.99972   0.0236641   -0.0181554   0.018897   0.00183736   -0.0479477
-0.4333   1.07312  2.43326   0.0482919   0.931636   0.999757   0.022065   -0.0167849   0.0175349   0.00178227   -0.0485564
-0.399962   1.07383  2.39993   0.0488752   0.931053   0.999791   0.0204457   -0.0154071   0.0161646   0.00172271   -0.0491195
-0.366626   1.07448  2.3666   0.0494129   0.930516   0.999823   0.0188077   -0.0140227   0.014787   0.00165893   -0.0496367
-0.333292   1.07508  2.33328   0.0499045   0.930025   0.999853   0.0171527   -0.0126323   0.0134026   0.0015912   -0.0501079
-0.299959   1.07563  2.29995   0.05035   0.92958   0.99988   0.015482   -0.0112366   0.0120122   0.0015198   -0.0505327
-0.266627   1.07611  2.26662   0.050749   0.929181   0.999905   0.0137973   -0.00983629   0.0106165   0.00144503   -0.0509109
-0.233296   1.07655  2.23329   0.0511016   0.928829   0.999927   0.0121   -0.00843204   0.00921606   0.00136718   -0.0512425
-0.199967   1.07692  2.19996   0.0514074   0.928523   0.999946   0.0103918   -0.00702447   0.00781157   0.00128656   -0.0515272
-0.166637   1.07724  2.16664   0.0516664   0.928265   0.999962   0.00867425   -0.00561419   0.00640367   0.00120348   -0.0517649
-0.133309   1.0775  2.13331   0.0518784   0.928053   0.999976   0.00694881   -0.00420182   0.00499296   0.00111824   -0.0519555
-0.0999814   1.0777  2.09998   0.0520434   0.927888   0.999986   0.0052171   -0.00278796   0.00358006   0.00103119   -0.0520989
-0.066654   1.07785  2.06665   0.0521613   0.92777   0.999994   0.00348069   -0.00137321   0.00216558   0.000942632   -0.052195
-0.0333269   1.07793  2.03333   0.0522321   0.927699   0.999998   0.00174113   4.18355e-05   0.000750116   0.000852901   -0.0522438
-1.74571e-12   1.07796  2   0.0522557   0.927676   1   5.29029e-10   0.00145659   -0.000665721   0.000762323   -0.0522453
0.0333269   1.07793  1.96667   0.0522321   0.927699   0.999998   -0.00174113   0.00287046   -0.00208134   0.000671226   -0.0521994
0.066654   1.07785  1.93335   0.0521613   0.92777   0.999994   -0.00348069   0.00428286   -0.00349613   0.000579939   -0.0521063
0.0999814   1.0777  1.90002   0.0520434   0.927888   0.999986   -0.0052171   0.00569318   -0.00490949   0.000488787   -0.0519658
0.133309   1.0775  1.86669   0.0518784   0.928053   0.999976   -0.00694881   0.00710084   -0.00632082   0.000398095   -0.0517781
0.166637   1.07724  1.83336   0.0516664   0.928265   0.999962   -0.00867425   0.00850522   -0.0077295   0.000308183   -0.0515432
0.199967   1.07692  1.80004   0.0514074   0.928523   0.999946   -0.0103918   0.00990571   -0.0091349   0.000219368   -0.0512613
0.233296   1.07655  1.76671   0.0511016   0.928829   0.999927   -0.0121   0.0113017   -0.0105364   0.000131962   -0.0509325
0.266627   1.07611  1.73338   0.050749   0.929181   0.999905   -0.0137973   0.0126925   -0.0119333   4.62694e-05   -0.0505569
0.299959   1.07563  1.70005   0.05035   0.92958   0.99988   -0.015482   0.0140775   -0.0133251   -3.74108e-05   -0.0501346
0.333292   1.07508  1.66672   0.0499045   0.930025   0.999853   -0.0171527   0.0154561   -0.0147109   -0.000118788   -0.0496659
0.366626   1.07448  1.6334   0.0494129   0.930516   0.999823   -0.0188077   0.0168275   -0.0160902   -0.00019758   -0.049151
0.399962   1.07383  1.60007   0.0488752   0.931053   0.999791   -0.0204457   0.0181911   -0.0174621   -0.000273516   -0.0485902
0.4333   1.07312  1.56674   0.0482919   0.931636   0.999757   -0.022065   0.0195461   -0.0188261   -0.000346333   -0.0479836
0.466638   1.07236  1.53341   0.0476631   0.932264   0.99972   -0.0236641   0.0208917   -0.0201813   -0.00041578   -0.0473315
0.499979   1.07154  1.50008   0.0469891   0.932938   0.999681   -0.0252415   0.0222273   -0.0215269   -0.000481621   -0.0466344
0.533321   1.07067  1.46674   0.0462702   0.933656   0.999641   -0.0267957   0.023552   -0.0228622   -0.000543629   -0.0458924
0.566665   1.06975  1.43341   0.0455068   0.934419   0.999599   -0.0283252   0.024865   -0.0241864   -0.000601593   -0.0451061
0.600011   1.06878  1.40008   0.0446992   0.935226   0.999555   -0.0298286   0.0261654   -0.0254985   -0.000655317   -0.0442757
0.633359   1.06777  1.36675   0.0438479   0.936077   0.99951   -0.0313043   0.0274524   -0.0267978   -0.000704619   -0.0434018
0.666709   1.0667  1.33342   0.0429532   0.936971   0.999464   -0.032751   0.0287251   -0.0280832   -0.000749334   -0.0424847
0.700061   1.06558  1.30008   0.0420157   0.937908   0.999416   -0.0341671   0.0299825   -0.0293539   -0.000789314   -0.0415249
0.733415   1.06442  1.26675   0.0410357   0.938887   0.999368   -0.0355513   0.0312237   -0.0306089   -0.000824427   -0.040523
0.766771   1.06321  1.23341   0.0400139   0.939908   0.999319   -0.0369022   0.0324476   -0.0318472   -0.00085456   -0.0394795
0.80013   1.06196  1.20008   0.0389508   0.940971   0.999269   -0.0382183   0.0336532   -0.0330677   -0.00087962   -0.038395
0.83349   1.06066  1.16675   0.0378469   0.942074   0.99922   -0.0394984   0.0348394   -0.0342694   -0.000899531   -0.0372701
0.866852   1.05932  1.13341   0.0367029   0.943218   0.99917   -0.0407409   0.0360052   -0.0354511   -0.000914238   -0.0361055
0.900216   1.05794  1.10007   0.0355194   0.944401   0.99912   -0.0419447   0.0371493   -0.0366118   -0.000923707   -0.0349018
0.933582   1.05652  1.06674   0.0342972   0.945623   0.99907   -0.0431084   0.0382707   -0.0377503   -0.000927923   -0.0336598
0.966951   1.05506  1.0334   0.033037   0.946882   0.999021   -0.0442308   0.039368   -0.0388653   -0.000926893   -0.0323803
1.00032   1.05357  1.00007   0.0317395   0.94818   0.998973   -0.0453105   0.04044   -0.0399556   -0.000920645   -0.031064
1.03369   1.05204  0.966729   0.0304056   0.949513   0.998925   -0.0463463   0.0414855   -0.0410199   -0.000909229   -0.0297119
1.06707   1.05048  0.933392   0.0290362   0.950882   0.998879   -0.0473371   0.0425031   -0.0420569   -0.000892716   -0.0283248
1.10044   1.04888  0.900054   0.0276322   0.952286   0.998834   -0.0482817   0.0434914   -0.0430652   -0.0008712   -0.0269036
1.13382   1.04725  0.866717   0.0261944   0.953724   0.99879   -0.0491789   0.044449   -0.0440434   -0.000844795   -0.0254494
1.1672   1.0456  0.83338   0.024724   0.955194   0.998748   -0.0500277   0.0453746   -0.0449902   -0.00081364   -0.0239631
1.20058   1.04391  0.800042   0.023222   0.956696   0.998707   -0.0508269   0.0462666   -0.0459041   -0.000777892   -0.0224459
1.23396   1.0422  0.766705   0.0216894   0.958228   0.998669   -0.0515755   0.0471236   -0.0467835   -0.000737733   -0.0208988
1.26734   1.04047  0.733367   0.0201274   0.95979   0.998633   -0.0522725   0.0479441   -0.047627   -0.000693363   -0.0193231
1.30072   1.03871  0.70003   0.0185373   0.96138   0.998599   -0.052917   0.0487265   -0.048433   -0.000645004   -0.0177199
1.33411   1.03694  0.666693   0.0169202   0.962997   0.998567   -0.053508   0.0494692   -0.0491999   -0.000592901   -0.0160906
1.36749   1.03514  0.633356   0.0152776   0.96464   0.998539   -0.0540447   0.0501707   -0.0499263   -0.000537314   -0.0144365
1.40088   1.03333  0.600019   0.0136106   0.966307   0.998512   -0.0545263   0.0508294   -0.0506103   -0.000478525   -0.0127589
1.43427   1.0315  0.566682   0.0119208   0.967997   0.998489   -0.0549518   0.0514436   -0.0512505   -0.000416834   -0.0110592
1.46765   1.02966  0.533345   0.0102097   0.969708   0.998469   -0.0553207   0.0520117   -0.0518049   -0.000352596   -0.00933976
1.50104   1.02781  0.500009   0.00847998   0.97144   0.998451   -0.0556322   0.0527009   -0.0524441   -0.000120654   -0.00761087
1.53443   1.02594  0.466673   0.00672917   0.973189   0.998437   -0.0558857   0.0531554   -0.0528969   -6.79501e-05   -0.00585228
1.56782   1.02407  0.433337   0.0049632   0.974955   0.998426   -0.0560806   0.0535514   -0.0533439   -2.14016e-05   -0.00407834
1.60121   1.0222  0.400001   0.00318227   0.976736   0.998419   -0.0562164   0.053885   -0.0537411   1.64648e-05   -0.00228985
1.6346   1.02032  0.366666   0.00138805   0.97853   0.998414   -0.0562926   0.0541454   -0.054077   3.59349e-05   -0.000488125
1.66798   1.01844  0.333331   -0.000417422   0.980336   0.998413   -0.0563087   0.054348   -0.0543651   5.36511e-05   0.00132406
1.70137   1.01656  0.299996   -0.00223255   0.982151   0.998416   -0.0562646   0.0544743   -0.0545934   5.23522e-05   0.00314586
1.73476   1.01468  0.266662   -0.00405535   0.983974   0.998422   -0.0561598   0.0545159   -0.0547628   2.45133e-05   0.00497572
1.76814   1.01281  0.233328   -0.00588385   0.985803   0.998431   -0.0559941   0.0544601   -0.0548716   -4.14424e-05   0.00681225
1.80153   1.01094  0.199995   -0.00771605   0.987635   0.998444   -0.0557675   0.0542868   -0.054918   -0.000164511   0.00865444
1.83492   1.00909  0.166662   -0.0095499   0.989469   0.99846   -0.0554797   0.0539613   -0.0548998   -0.000378521   0.010502
1.8683   1.00724  0.133329   -0.0113833   0.991302   0.998479   -0.0551308   0.0534155   -0.0548143   -0.000750671   0.0123564
1.90168   1.00541  0.099996   -0.0132141   0.993133   0.998502   -0.0547209   0.0524924   -0.0546568   -0.00143714   0.0142237
1.93506   1.00359  0.0666637   -0.01504   0.994959   0.998527   -0.05425   0.0507235   -0.0543707   -0.00290561   0.0161258
1.96844   1.00178  0.0333317   -0.0168573   0.996778   0.998556   -0.0537184   0.0460516   -0.0542853   -0.00758791   0.0163758
2.00182   1  -8.43067e-37   -0.0186746   0.998597   0.998585   -0.0531868   0.0620249   -0.0545855   0.00838366   0.0155256
