4   1  4   0   0  1  0
3.96667   1  3.96667   0   0  1  0.0333333
3.93333   1  3.93333   0   0  1  0.0333333
3.9   1  3.9   0   0  1  0.0333333
3.86667   1  3.86667   0   0  1  0.0333333
3.83333   1  3.83333   0   0  1  0.0333333
3.8   1  3.8   0   0  1  0.0333333
3.76667   1  3.76667   0   0  1  0.0333333
3.73333   1  3.73333   0   0  1  0.0333333
3.7   1  3.7   0   0  1  0.0333333
3.66667   1  3.66667   0   0  1  0.0333333
3.63333   1  3.63333   0   0  1  0.0333333
3.6   1  3.6   0   0  1  0.0333333
3.56667   1  3.56667   0   0  1  0.0333333
3.53333   1  3.53333   0   0  1  0.0333333
3.5   1  3.5   0   0  1  0.0333333
3.46667   1  3.46667   0   0  1  0.0333333
3.43333   1  3.43333   0   0  1  0.0333333
3.4   1  3.4   0   0  1  0.0333333
3.36667   1  3.36667   0   0  1  0.0333333
3.33333   1  3.33333   0   0  1  0.0333333
3.3   1  3.3   0   0  1  0.0333333
3.26667   1  3.26667   0   0  1  0.0333333
3.23333   1  3.23333   0   0  1  0.0333333
3.2   1  3.2   0   0  1  0.0333333
3.16667   1  3.16667   0   0  1  0.0333333
3.13333   1  3.13333   0   0  1  0.0333333
3.1   1  3.1   0   0  1  0.0333333
3.06667   1  3.06667   0   0  1  0.0333333
3.03333   1  3.03333   0   0  1  0.0333333
3   1  3   0   0  1  0.0333333
2.96667   1  2.96667   0   0  1  0.0333333
2.93333   1  2.93333   0   0  1  0.0333333
2.9   1  2.9   0   0  1  0.0333333
2.86667   1  2.86667   0   0  1  0.0333333
2.83333   1  2.83333   0   0  1  0.0333333
2.8   1  2.8   0   0  1  0.0333333
2.76667   1  2.76667   0   0  1  0.0333333
2.73333   1  2.73333   0   0  1  0.0333333
2.7   1  2.7   0   0  1  0.0333333
2.66667   1  2.66667   0   0  1  0.0333333
2.63333   1  2.63333   0   0  1  0.0333333
2.6   1  2.6   0   0  1  0.0333333
2.56667   1  2.56667   0   0  1  0.0333333
2.53333   1  2.53333   0   0  1  0.0333333
2.5   1  2.5   0   0  1  0.0333333
2.46667   1  2.46667   0   0  1  0.0333333
2.43333   1  2.43333   0   0  1  0.0333333
2.4   1  2.4   0   0  1  0.0333333
2.36667   1  2.36667   0   0  1  0.0333333
2.33333   1  2.33333   0   0  1  0.0333333
2.3   1  2.3   0   0  1  0.0333333
2.26667   1  2.26667   0   0  1  0.0333333
2.23333   1  2.23333   0   0  1  0.0333333
2.2   1  2.2   0   0  1  0.0333333
2.16667   1  2.16667   0   0  1  0.0333333
2.13333   1  2.13333   0   0  1  0.0333333
2.1   1  2.1   0   0  1  0.0333333
2.06667   1  2.06667   0   0  1  0.0333333
2.03333   1  2.03333   0   0  1  0.0333333
2   1  2   0   0  1  0.0333333
1.96667   1  1.96667   2.22045e-16   0  1  0.0333333
1.93333   1  1.93333   0   0  1  0.0333333
1.9   1  1.9   0   0  1  0.0333333
1.86667   1  1.86667   0   0  1  0.0333333
1.83333   1  1.83333   0   0  1  0.0333333
1.8   1  1.8   0   0  1  0.0333333
1.76667   1  1.76667   0   0  1  0.0333333
1.73333   1  1.73333   0   0  1  0.0333333
1.7   1  1.7   0   0  1  0.0333333
1.66667   1  1.66667   0   0  1  0.0333333
1.63333   1  1.63333   0   0  1  0.0333333
1.6   1  1.6   0   0  1  0.0333333
1.56667   1  1.56667   0   0  1  0.0333333
1.53333   1  1.53333   0   0  1  0.0333333
1.5   1  1.5   2.22045e-16   0  1  0.0333333
1.46667   1  1.46667   2.22045e-16   0  1  0.0333333
1.43333   1  1.43333   0   0  1  0.0333333
1.4   1  1.4   0   0  1  0.0333333
1.36667   1  1.36667   0   0  1  0.0333333
1.33333   1  1.33333   0   0  1  0.0333333
1.3   1  1.3   0   0  1  0.0333333
1.26667   1  1.26667   0   0  1  0.0333333
1.23333   1  1.23333   0   0  1  0.0333333
1.2   1  1.2   0   0  1  0.0333333
1.16667   1  1.16667   0   0  1  0.0333333
1.13333   1  1.13333   0   0  1  0.0333333
1.1   1  1.1   0   0  1  0.0333333
1.06667   1  1.06667   0   0  1  0.0333333
1.03333   1  1.03333   0   0  1  0.0333333
1   1  1   0   0  1  0.0333333
0.966667   1  0.966667   0   0  1  0.0333333
0.933333   1  0.933333   0   0  1  0.0333333
0.9   1  0.9   0   0  1  0.0333333
0.866667   1  0.866667   0   0  1  0.0333333
0.833333   1  0.833333   0   0  1  0.0333333
0.8   1  0.8   0   0  1  0.0333333
0.766667   1  0.766667   0   0  1  0.0333333
0.733333   1  0.733333   0   0  1  0.0333333
0.7   1  0.7   0   0  1  0.0333333
0.666667   1  0.666667   0   0  1  0.0333333
0.633333   1  0.633333   0   0  1  0.0333333
0.6   1  0.6   0   0  1  0.0333333
0.566667   1  0.566667   2.22045e-16   0  1  0.0333333
0.533333   1  0.533333   0   0  1  0.0333333
0.5   1  0.5   0   0  1  0.0333333
0.466667   1  0.466667   0   0  1  0.0333333
0.433333   1  0.433333   0   0  1  0.0333333
0.4   1  0.4   0   0  1  0.0333333
0.366667   1  0.366667   0   0  1  0.0333333
0.333333   1  0.333333   0   0  1  0.0333333
0.3   1  0.3   0   0  1  0.0333333
0.266667   1  0.266667   0   0  1  0.0333333
0.233333   1  0.233333   0   0  1  0.0333333
0.2   1  0.2   0   0  1  0.0333333
0.166667   1  0.166667   0   0  1  0.0333333
0.133333   1  0.133333   0   0  1  0.0333333
0.1   1  0.1   0   0  1  0.0333333
0.0666667   1  0.0666667   0   0  1  0.0333333
0.0333333   1  0.0333333   0   0  1  0.0333333
0   1  0   0   0  1  0.0333333
